### EULER ###
      tK  |     xK[0]      xK[1]  |   xK+1[0]    xK+1[1]
0.020000  |  1.000000  -2.000000  |  0.960000  -1.920000
0.040000  |  0.960000  -1.920000  |  0.921600  -1.843200
0.060000  |  0.921600  -1.843200  |  0.884736  -1.769472
0.080000  |  0.884736  -1.769472  |  0.849347  -1.698693
0.100000  |  0.849347  -1.698693  |  0.815373  -1.630745
0.120000  |  0.815373  -1.630745  |  0.782758  -1.565516
0.140000  |  0.782758  -1.565516  |  0.751447  -1.502895
0.160000  |  0.751447  -1.502895  |  0.721390  -1.442779
0.180000  |  0.721390  -1.442779  |  0.692534  -1.385068
0.200000  |  0.692534  -1.385068  |  0.664833  -1.329665
0.220000  |  0.664833  -1.329665  |  0.638239  -1.276479
0.240000  |  0.638239  -1.276479  |  0.612710  -1.225420
0.260000  |  0.612710  -1.225420  |  0.588201  -1.176403
0.280000  |  0.588201  -1.176403  |  0.564673  -1.129347
0.300000  |  0.564673  -1.129347  |  0.542086  -1.084173
0.320000  |  0.542086  -1.084173  |  0.520403  -1.040806
0.340000  |  0.520403  -1.040806  |  0.499587  -0.999174
0.360000  |  0.499587  -0.999174  |  0.479603  -0.959207
0.380000  |  0.479603  -0.959207  |  0.460419  -0.920838
0.400000  |  0.460419  -0.920838  |  0.442002  -0.884005
0.420000  |  0.442002  -0.884005  |  0.424322  -0.848645
0.440000  |  0.424322  -0.848645  |  0.407349  -0.814699
0.460000  |  0.407349  -0.814699  |  0.391055  -0.782111
0.480000  |  0.391055  -0.782111  |  0.375413  -0.750826
0.500000  |  0.375413  -0.750826  |  0.360397  -0.720793
0.520000  |  0.360397  -0.720793  |  0.345981  -0.691962
0.540000  |  0.345981  -0.691962  |  0.332142  -0.664283
0.560000  |  0.332142  -0.664283  |  0.318856  -0.637712
0.580000  |  0.318856  -0.637712  |  0.306102  -0.612203
0.600000  |  0.306102  -0.612203  |  0.293858  -0.587715
0.620000  |  0.293858  -0.587715  |  0.282103  -0.564207
0.640000  |  0.282103  -0.564207  |  0.270819  -0.541638
0.660000  |  0.270819  -0.541638  |  0.259986  -0.519973
0.680000  |  0.259986  -0.519973  |  0.249587  -0.499174
0.700000  |  0.249587  -0.499174  |  0.239603  -0.479207
0.720000  |  0.239603  -0.479207  |  0.230019  -0.460039
0.740000  |  0.230019  -0.460039  |  0.220819  -0.441637
0.760000  |  0.220819  -0.441637  |  0.211986  -0.423972
0.780000  |  0.211986  -0.423972  |  0.203506  -0.407013
0.800000  |  0.203506  -0.407013  |  0.195366  -0.390732
0.820000  |  0.195366  -0.390732  |  0.187552  -0.375103
0.840000  |  0.187552  -0.375103  |  0.180049  -0.360099
0.860000  |  0.180049  -0.360099  |  0.172847  -0.345695
0.880000  |  0.172847  -0.345695  |  0.165934  -0.331867
0.900000  |  0.165934  -0.331867  |  0.159296  -0.318592
0.920000  |  0.159296  -0.318592  |  0.152924  -0.305849
0.940000  |  0.152924  -0.305849  |  0.146807  -0.293615
0.960000  |  0.146807  -0.293615  |  0.140935  -0.281870
0.980000  |  0.140935  -0.281870  |  0.135298  -0.270595


### REVERSED EULER ###
      tK  |     xK[0]      xK[1]  |   xK+1[0]    xK+1[1]
0.020000  |  1.000000  -2.000000  |  0.961538  -1.923077
0.040000  |  0.961538  -1.923077  |  0.924556  -1.849112
0.060000  |  0.924556  -1.849112  |  0.888996  -1.777993
0.080000  |  0.888996  -1.777993  |  0.854804  -1.709608
0.100000  |  0.854804  -1.709608  |  0.821927  -1.643854
0.120000  |  0.821927  -1.643854  |  0.790315  -1.580629
0.140000  |  0.790315  -1.580629  |  0.759918  -1.519836
0.160000  |  0.759918  -1.519836  |  0.730690  -1.461380
0.180000  |  0.730690  -1.461380  |  0.702587  -1.405173
0.200000  |  0.702587  -1.405173  |  0.675564  -1.351128
0.220000  |  0.675564  -1.351128  |  0.649581  -1.299162
0.240000  |  0.649581  -1.299162  |  0.624597  -1.249194
0.260000  |  0.624597  -1.249194  |  0.600574  -1.201148
0.280000  |  0.600574  -1.201148  |  0.577475  -1.154950
0.300000  |  0.577475  -1.154950  |  0.555265  -1.110529
0.320000  |  0.555265  -1.110529  |  0.533908  -1.067816
0.340000  |  0.533908  -1.067816  |  0.513373  -1.026746
0.360000  |  0.513373  -1.026746  |  0.493628  -0.987256
0.380000  |  0.493628  -0.987256  |  0.474642  -0.949285
0.400000  |  0.474642  -0.949285  |  0.456387  -0.912774
0.420000  |  0.456387  -0.912774  |  0.438834  -0.877667
0.440000  |  0.438834  -0.877667  |  0.421955  -0.843911
0.460000  |  0.421955  -0.843911  |  0.405726  -0.811453
0.480000  |  0.405726  -0.811453  |  0.390121  -0.780243
0.500000  |  0.390121  -0.780243  |  0.375117  -0.750234
0.520000  |  0.375117  -0.750234  |  0.360689  -0.721378
0.540000  |  0.360689  -0.721378  |  0.346817  -0.693633
0.560000  |  0.346817  -0.693633  |  0.333477  -0.666955
0.580000  |  0.333477  -0.666955  |  0.320651  -0.641303
0.600000  |  0.320651  -0.641303  |  0.308319  -0.616637
0.620000  |  0.308319  -0.616637  |  0.296460  -0.592921
0.640000  |  0.296460  -0.592921  |  0.285058  -0.570116
0.660000  |  0.285058  -0.570116  |  0.274094  -0.548188
0.680000  |  0.274094  -0.548188  |  0.263552  -0.527104
0.700000  |  0.263552  -0.527104  |  0.253415  -0.506831
0.720000  |  0.253415  -0.506831  |  0.243669  -0.487337
0.740000  |  0.243669  -0.487337  |  0.234297  -0.468594
0.760000  |  0.234297  -0.468594  |  0.225285  -0.450571
0.780000  |  0.225285  -0.450571  |  0.216621  -0.433241
0.800000  |  0.216621  -0.433241  |  0.208289  -0.416578
0.820000  |  0.208289  -0.416578  |  0.200278  -0.400556
0.840000  |  0.200278  -0.400556  |  0.192575  -0.385150
0.860000  |  0.192575  -0.385150  |  0.185168  -0.370336
0.880000  |  0.185168  -0.370336  |  0.178046  -0.356093
0.900000  |  0.178046  -0.356093  |  0.171198  -0.342397
0.920000  |  0.171198  -0.342397  |  0.164614  -0.329228
0.940000  |  0.164614  -0.329228  |  0.158283  -0.316565
0.960000  |  0.158283  -0.316565  |  0.152195  -0.304390
0.980000  |  0.152195  -0.304390  |  0.146341  -0.292682


### TRAPEZOID ###
      tK  |     xK[0]      xK[1]  |   xK+1[0]    xK+1[1]
0.020000  |  1.000000  -2.000000  |  0.960784  -1.921569
0.040000  |  0.960784  -1.921569  |  0.923106  -1.846213
0.060000  |  0.923106  -1.846213  |  0.886906  -1.773812
0.080000  |  0.886906  -1.773812  |  0.852126  -1.704251
0.100000  |  0.852126  -1.704251  |  0.818709  -1.637418
0.120000  |  0.818709  -1.637418  |  0.786603  -1.573205
0.140000  |  0.786603  -1.573205  |  0.755756  -1.511511
0.160000  |  0.755756  -1.511511  |  0.726118  -1.452236
0.180000  |  0.726118  -1.452236  |  0.697643  -1.395286
0.200000  |  0.697643  -1.395286  |  0.670284  -1.340569
0.220000  |  0.670284  -1.340569  |  0.643999  -1.287997
0.240000  |  0.643999  -1.287997  |  0.618744  -1.237488
0.260000  |  0.618744  -1.237488  |  0.594479  -1.188959
0.280000  |  0.594479  -1.188959  |  0.571166  -1.142333
0.300000  |  0.571166  -1.142333  |  0.548768  -1.097535
0.320000  |  0.548768  -1.097535  |  0.527247  -1.054495
0.340000  |  0.527247  -1.054495  |  0.506571  -1.013142
0.360000  |  0.506571  -1.013142  |  0.486706  -0.973411
0.380000  |  0.486706  -0.973411  |  0.467619  -0.935238
0.400000  |  0.467619  -0.935238  |  0.449281  -0.898562
0.420000  |  0.449281  -0.898562  |  0.431662  -0.863324
0.440000  |  0.431662  -0.863324  |  0.414734  -0.829468
0.460000  |  0.414734  -0.829468  |  0.398470  -0.796940
0.480000  |  0.398470  -0.796940  |  0.382844  -0.765688
0.500000  |  0.382844  -0.765688  |  0.367830  -0.735661
0.520000  |  0.367830  -0.735661  |  0.353406  -0.706811
0.540000  |  0.353406  -0.706811  |  0.339547  -0.679093
0.560000  |  0.339547  -0.679093  |  0.326231  -0.652462
0.580000  |  0.326231  -0.652462  |  0.313438  -0.626875
0.600000  |  0.313438  -0.626875  |  0.301146  -0.602292
0.620000  |  0.301146  -0.602292  |  0.289336  -0.578673
0.640000  |  0.289336  -0.578673  |  0.277990  -0.555980
0.660000  |  0.277990  -0.555980  |  0.267088  -0.534177
0.680000  |  0.267088  -0.534177  |  0.256614  -0.513228
0.700000  |  0.256614  -0.513228  |  0.246551  -0.493102
0.720000  |  0.246551  -0.493102  |  0.236882  -0.473765
0.740000  |  0.236882  -0.473765  |  0.227593  -0.455186
0.760000  |  0.227593  -0.455186  |  0.218668  -0.437335
0.780000  |  0.218668  -0.437335  |  0.210092  -0.420185
0.800000  |  0.210092  -0.420185  |  0.201853  -0.403707
0.820000  |  0.201853  -0.403707  |  0.193938  -0.387875
0.840000  |  0.193938  -0.387875  |  0.186332  -0.372664
0.860000  |  0.186332  -0.372664  |  0.179025  -0.358050
0.880000  |  0.179025  -0.358050  |  0.172004  -0.344009
0.900000  |  0.172004  -0.344009  |  0.165259  -0.330518
0.920000  |  0.165259  -0.330518  |  0.158778  -0.317557
0.940000  |  0.158778  -0.317557  |  0.152552  -0.305104
0.960000  |  0.152552  -0.305104  |  0.146569  -0.293139
0.980000  |  0.146569  -0.293139  |  0.140822  -0.281643


### RUNGE-KUTTA ###
      tK  |     xK[0]      xK[1]  |   xK+1[0]    xK+1[1]
0.020000  |  1.000000  -2.000000  |  0.960789  -1.921579
0.040000  |  0.960789  -1.921579  |  0.923116  -1.846233
0.060000  |  0.923116  -1.846233  |  0.886920  -1.773841
0.080000  |  0.886920  -1.773841  |  0.852144  -1.704288
0.100000  |  0.852144  -1.704288  |  0.818731  -1.637462
0.120000  |  0.818731  -1.637462  |  0.786628  -1.573256
0.140000  |  0.786628  -1.573256  |  0.755784  -1.511567
0.160000  |  0.755784  -1.511567  |  0.726149  -1.452298
0.180000  |  0.726149  -1.452298  |  0.697676  -1.395353
0.200000  |  0.697676  -1.395353  |  0.670320  -1.340640
0.220000  |  0.670320  -1.340640  |  0.644036  -1.288073
0.240000  |  0.644036  -1.288073  |  0.618783  -1.237567
0.260000  |  0.618783  -1.237567  |  0.594521  -1.189041
0.280000  |  0.594521  -1.189041  |  0.571209  -1.142418
0.300000  |  0.571209  -1.142418  |  0.548812  -1.097623
0.320000  |  0.548812  -1.097623  |  0.527292  -1.054585
0.340000  |  0.527292  -1.054585  |  0.506617  -1.013234
0.360000  |  0.506617  -1.013234  |  0.486752  -0.973505
0.380000  |  0.486752  -0.973505  |  0.467666  -0.935333
0.400000  |  0.467666  -0.935333  |  0.449329  -0.898658
0.420000  |  0.449329  -0.898658  |  0.431711  -0.863421
0.440000  |  0.431711  -0.863421  |  0.414783  -0.829566
0.460000  |  0.414783  -0.829566  |  0.398519  -0.797038
0.480000  |  0.398519  -0.797038  |  0.382893  -0.765786
0.500000  |  0.382893  -0.765786  |  0.367879  -0.735759
0.520000  |  0.367879  -0.735759  |  0.353455  -0.706909
0.540000  |  0.353455  -0.706909  |  0.339596  -0.679191
0.560000  |  0.339596  -0.679191  |  0.326280  -0.652560
0.580000  |  0.326280  -0.652560  |  0.313486  -0.626972
0.600000  |  0.313486  -0.626972  |  0.301194  -0.602388
0.620000  |  0.301194  -0.602388  |  0.289384  -0.578768
0.640000  |  0.289384  -0.578768  |  0.278037  -0.556075
0.660000  |  0.278037  -0.556075  |  0.267135  -0.534271
0.680000  |  0.267135  -0.534271  |  0.256661  -0.513322
0.700000  |  0.256661  -0.513322  |  0.246597  -0.493194
0.720000  |  0.246597  -0.493194  |  0.236928  -0.473856
0.740000  |  0.236928  -0.473856  |  0.227638  -0.455275
0.760000  |  0.227638  -0.455275  |  0.218712  -0.437424
0.780000  |  0.218712  -0.437424  |  0.210136  -0.420272
0.800000  |  0.210136  -0.420272  |  0.201897  -0.403793
0.820000  |  0.201897  -0.403793  |  0.193980  -0.387960
0.840000  |  0.193980  -0.387960  |  0.186374  -0.372748
0.860000  |  0.186374  -0.372748  |  0.179066  -0.358132
0.880000  |  0.179066  -0.358132  |  0.172045  -0.344090
0.900000  |  0.172045  -0.344090  |  0.165299  -0.330598
0.920000  |  0.165299  -0.330598  |  0.158817  -0.317635
0.940000  |  0.158817  -0.317635  |  0.152590  -0.305180
0.960000  |  0.152590  -0.305180  |  0.146607  -0.293214
0.980000  |  0.146607  -0.293214  |  0.140858  -0.281717


### PECE2 ###
      tK  |                    xK[0]                     xK[1]  |                  xK+1[0]                     xK+1[1]
0.020000  |                 1.000000                 -2.000000  |                 0.961536                   -1.923072
0.040000  |                 0.961536                 -1.923072  |                 0.924551                   -1.849103
0.060000  |                 0.924551                 -1.849103  |                 0.888990                   -1.777979
0.080000  |                 0.888990                 -1.777979  |                 0.854795                   -1.709591
0.100000  |                 0.854795                 -1.709591  |                 0.821917                   -1.643833
0.120000  |                 0.821917                 -1.643833  |                 0.790302                   -1.580605
0.140000  |                 0.790302                 -1.580605  |                 0.759904                   -1.519808
0.160000  |                 0.759904                 -1.519808  |                 0.730675                   -1.461350
0.180000  |                 0.730675                 -1.461350  |                 0.702571                   -1.405141
0.200000  |                 0.702571                 -1.405141  |                 0.675547                   -1.351094
0.220000  |                 0.675547                 -1.351094  |                 0.649563                   -1.299125
0.240000  |                 0.649563                 -1.299125  |                 0.624578                   -1.249156
0.260000  |                 0.624578                 -1.249156  |                 0.600554                   -1.201108
0.280000  |                 0.600554                 -1.201108  |                 0.577454                   -1.154909
0.300000  |                 0.577454                 -1.154909  |                 0.555243                   -1.110487
0.320000  |                 0.555243                 -1.110487  |                 0.533886                   -1.067771
0.340000  |                 0.533886                 -1.067771  |                 0.513351                   -1.026708
0.360000  |                 0.513351                 -1.026708  |                 0.493605                   -0.987181
0.380000  |                 0.493605                 -0.987181  |                 0.474621                   -0.949388
0.400000  |                 0.474621                 -0.949388  |                 0.456356                   -0.911979
0.420000  |                 0.456356                 -0.911979  |                 0.438847                   -0.881359
0.440000  |                 0.438847                 -0.881359  |                 0.421745                   -0.825171
0.460000  |                 0.421745                 -0.825171  |                 0.406637                   -0.904868
0.480000  |                 0.406637                 -0.904868  |                 0.385424                   -0.312879
0.500000  |                 0.385424                 -0.312879  |                 0.398459                   -3.086767
0.520000  |                 0.398459                 -3.086767  |                 0.243836                   10.961579
0.540000  |                 0.243836                 10.961579  |                 0.930938                  -59.108132
0.560000  |                 0.930938                -59.108132  |                -2.587274                  291.405826
0.580000  |                -2.587274                291.405826  |                14.924264                -1461.004923
0.600000  |                14.924264              -1461.004923  |               -72.709888                 7301.201748
0.620000  |               -72.709888               7301.201748  |               365.387354               -36509.684564
0.640000  |               365.387354             -36509.684564  |             -1825.169550               182544.888385
0.660000  |             -1825.169550             182544.888385  |              9127.546994              -912727.840415
0.680000  |              9127.546994            -912727.840415  |            -45636.101085              4563635.934308
0.700000  |            -45636.101085            4563635.934308  |            228182.076461            -22818182.813617
0.720000  |            228182.076461          -22818182.813617  |          -1140908.871695            114090911.046864
0.740000  |          -1140908.871695          114090911.046864  |           5704545.810983           -570454558.139335
0.760000  |           5704545.810983         -570454558.139335  |         -28522727.658276           2852272787.903400
0.780000  |         -28522727.658276         2852272787.903400  |         142613639.634295         -14261363942.202835
0.800000  |         142613639.634295       -14261363942.202835  |        -713068196.880214          71306819708.431656
0.820000  |        -713068196.880214        71306819708.431656  |        3565340985.642667        -356534098544.641479
0.840000  |        3565340985.642667      -356534098544.641479  |      -17826704927.019497        1782670492720.819824
0.860000  |      -17826704927.019497      1782670492720.819824  |       89133524636.245407       -8913352463606.396484
0.880000  |       89133524636.245407     -8913352463606.396484  |     -445667623180.123352       44566762318029.773438
0.900000  |     -445667623180.123352     44566762318029.773438  |     2228338115901.677734     -222833811590151.031250
0.920000  |     2228338115901.677734   -222833811590151.031250  |   -11141690579507.373047     1114169057950753.250000
0.940000  |   -11141690579507.373047   1114169057950753.250000  |    55708452897537.843750    -5570845289753769.000000
0.960000  |    55708452897537.843750  -5570845289753769.000000  |  -278542264487688.343750    27854226448768848.000000
0.980000  |  -278542264487688.343750  27854226448768848.000000  |  1392711322438443.000000  -139271132243844272.000000


### PECE ###
      tK  |     xK[0]      xK[1]  |   xK+1[0]    xK+1[1]
0.020000  |  1.000000  -2.000000  |  0.960800  -1.921600
0.040000  |  0.960800  -1.921600  |  0.923137  -1.846273
0.060000  |  0.923137  -1.846273  |  0.886950  -1.773899
0.080000  |  0.886950  -1.773899  |  0.852181  -1.704363
0.100000  |  0.852181  -1.704363  |  0.818776  -1.637552
0.120000  |  0.818776  -1.637552  |  0.786680  -1.573359
0.140000  |  0.786680  -1.573359  |  0.755842  -1.511684
0.160000  |  0.755842  -1.511684  |  0.726213  -1.452426
0.180000  |  0.726213  -1.452426  |  0.697745  -1.395491
0.200000  |  0.697745  -1.395491  |  0.670394  -1.340787
0.220000  |  0.670394  -1.340787  |  0.644114  -1.288229
0.240000  |  0.644114  -1.288229  |  0.618865  -1.237730
0.260000  |  0.618865  -1.237730  |  0.594606  -1.189211
0.280000  |  0.594606  -1.189211  |  0.571297  -1.142594
0.300000  |  0.571297  -1.142594  |  0.548902  -1.097804
0.320000  |  0.548902  -1.097804  |  0.527385  -1.054770
0.340000  |  0.527385  -1.054770  |  0.506712  -1.013423
0.360000  |  0.506712  -1.013423  |  0.486849  -0.973697
0.380000  |  0.486849  -0.973697  |  0.467764  -0.935528
0.400000  |  0.467764  -0.935528  |  0.449428  -0.898856
0.420000  |  0.449428  -0.898856  |  0.431810  -0.863620
0.440000  |  0.431810  -0.863620  |  0.414883  -0.829766
0.460000  |  0.414883  -0.829766  |  0.398620  -0.797240
0.480000  |  0.398620  -0.797240  |  0.382994  -0.765988
0.500000  |  0.382994  -0.765988  |  0.367981  -0.735961
0.520000  |  0.367981  -0.735961  |  0.353556  -0.707111
0.540000  |  0.353556  -0.707111  |  0.339696  -0.679393
0.560000  |  0.339696  -0.679393  |  0.326380  -0.652760
0.580000  |  0.326380  -0.652760  |  0.313586  -0.627172
0.600000  |  0.313586  -0.627172  |  0.301294  -0.602587
0.620000  |  0.301294  -0.602587  |  0.289483  -0.578966
0.640000  |  0.289483  -0.578966  |  0.278135  -0.556270
0.660000  |  0.278135  -0.556270  |  0.267232  -0.534464
0.680000  |  0.267232  -0.534464  |  0.256757  -0.513513
0.700000  |  0.256757  -0.513513  |  0.246692  -0.493384
0.720000  |  0.246692  -0.493384  |  0.237022  -0.474043
0.740000  |  0.237022  -0.474043  |  0.227730  -0.455461
0.760000  |  0.227730  -0.455461  |  0.218803  -0.437607
0.780000  |  0.218803  -0.437607  |  0.210226  -0.420452
0.800000  |  0.210226  -0.420452  |  0.201985  -0.403971
0.820000  |  0.201985  -0.403971  |  0.194067  -0.388135
0.840000  |  0.194067  -0.388135  |  0.186460  -0.372920
0.860000  |  0.186460  -0.372920  |  0.179151  -0.358302
0.880000  |  0.179151  -0.358302  |  0.172128  -0.344256
0.900000  |  0.172128  -0.344256  |  0.165381  -0.330761
0.920000  |  0.165381  -0.330761  |  0.158898  -0.317795
0.940000  |  0.158898  -0.317795  |  0.152669  -0.305338
0.960000  |  0.152669  -0.305338  |  0.146684  -0.293369
0.980000  |  0.146684  -0.293369  |  0.140934  -0.281869
