      xC  |      f(xC)
0.500000  |  56.500000
0.500000  |  56.500000
0.750000  |   0.453125
0.750000  |   0.453125
0.906250  |   5.921665
0.851562  |   0.672112
0.796875  |   0.617762
0.800781  |   0.043894
0.774414  |   0.293038
0.841064  |   0.053665
0.873230  |   0.024655
0.873230  |   0.024655
0.888191  |   0.013490
0.929035  |   0.006015
0.955628  |   0.003226
0.955628  |   0.003226
0.962515  |   0.001830
0.998609  |   0.002212
0.985727  |   0.000684
0.972845  |   0.000737
0.984451  |   0.000245
0.996057  |   0.000055
0.995420  |   0.000036
0.997620  |   0.000007
1.002713  |   0.000008
1.000224  |   0.000000
0.998300  |   0.000003
0.999859  |   0.000003
0.999652  |   0.000000
1.000276  |   0.000000
0.999704  |   0.000000
       xC  |       f(xC)
 0.500000  |  156.500000
-0.500000  |  158.500000
-0.250000  |   48.828125
-0.375000  |    1.915039
-0.500000  |    8.500000
-0.312500  |    2.529846
 0.156250  |    2.108189
-0.007812  |    1.314091
-0.007812  |    1.314091
 0.076172  |    1.005600
 0.015137  |    1.005352
 0.041870  |    0.936492
 0.059906  |    0.891641
 0.131729  |    0.891630
 0.131809  |    0.826398
 0.155924  |    0.740214
 0.180038  |    0.678002
 0.252062  |    0.636003
 0.234136  |    0.599822
 0.258251  |    0.553989
 0.333369  |    0.518899
 0.338704  |    0.475239
 0.375302  |    0.407472
 0.411901  |    0.354796
 0.500357  |    0.396522
 0.483578  |    0.321286
 0.476709  |    0.274647
 0.515025  |    0.249242
 0.561534  |    0.211772
 0.597078  |    0.163109
 0.632621  |    0.138475
 0.706481  |    0.099582
 0.706481  |    0.099582
 0.710231  |    0.085995
 0.765421  |    0.055162
 0.820611  |    0.033708
 0.844008  |    0.024708
 0.873702  |    0.022157
 0.865229  |    0.018971
 0.899236  |    0.010687
 0.916249  |    0.007139
 0.933263  |    0.004479
 0.950276  |    0.002494
 0.967289  |    0.001172
 0.958811  |    0.003919
 0.956663  |    0.001933
 0.962513  |    0.001483
 0.968881  |    0.001241
 0.970084  |    0.000907
 0.979461  |    0.000428
 0.995850  |    0.000017
 1.012238  |    0.000197
 1.007591  |    0.000152
 1.002882  |    0.000010
 0.997027  |    0.000016
 0.999064  |    0.000007
 1.000464  |    0.000001
 1.000220  |    0.000002
 0.998790  |    0.000001
 0.999984  |    0.000000
 0.999984  |    0.000000
       xC  |       f(xC)
 0.500000  |  306.500000
-1.000000  |  104.000000
 0.125000  |  259.774414
-0.343750  |  201.486851
 0.031250  |   17.363132
 0.031250  |   17.363132
-0.050781  |    1.865660
-0.193359  |    1.970823
-0.193359  |    1.970823
-0.131104  |    1.295885
-0.131104  |    1.295885
-0.001648  |    1.113156
-0.065964  |    1.136844
-0.017315  |    1.057999
 0.048649  |    0.962595
 0.107603  |    0.816615
 0.166557  |    0.707673
 0.100594  |    0.825649
 0.137904  |    0.745135
 0.202528  |    0.645237
 0.203687  |    0.634895
 0.248314  |    0.567666
 0.291783  |    0.509187
 0.324674  |    0.490532
 0.349922  |    0.468068
 0.380151  |    0.417128
 0.418738  |    0.352737
 0.457325  |    0.303007
 0.512630  |    0.238457
 0.567934  |    0.187569
 0.656673  |    0.121154
 0.646052  |    0.144884
 0.665267  |    0.113648
 0.720886  |    0.077931
 0.776505  |    0.062532
 0.775999  |    0.051534
 0.830351  |    0.029020
 0.861888  |    0.019099
 0.917915  |    0.006808
 0.956411  |    0.001931
 0.994908  |    0.000743
 1.007108  |    0.000156
 1.005776  |    0.001224
 0.999343  |    0.000493
 1.001617  |    0.000180
 0.997832  |    0.000089
 1.011653  |    0.000170
 1.003180  |    0.000124
 1.002624  |    0.000089
 1.002069  |    0.000059
 1.001513  |    0.000035
 1.000957  |    0.000018
 1.000402  |    0.000006
 0.999846  |    0.000001
 1.005680  |    0.000034
 1.002346  |    0.000008
 0.999012  |    0.000004
 1.000818  |    0.000002
 1.000784  |    0.000001
 0.999855  |    0.000000
       xC  |       f(xC)
 0.500000  |  506.500000
-0.500000  |  308.500000
-0.250000  |   33.203125
 0.375000  |    4.516602
 0.031250  |   11.641087
-0.343750  |    9.229160
-0.273438  |    1.914737
-0.273438  |    1.914737
-0.084961  |    1.236229
-0.084961  |    1.236229
-0.100220  |    1.235365
-0.067535  |    1.144056
 0.032684  |    1.019664
-0.025597  |    1.059378
 0.009943  |    1.006001
 0.066108  |    0.887198
 0.145383  |    0.738388
 0.188313  |    0.662740
 0.259292  |    0.548878
 0.330270  |    0.448602
 0.457346  |    0.321202
 0.466794  |    0.286123
 0.617489  |    0.146471
 0.617489  |    0.146471
 0.619083  |    0.166555
 0.633595  |    0.137857
 0.694830  |    0.093344
 0.756064  |    0.086508
 0.713766  |    0.087239
 0.738234  |    0.074624
 0.777148  |    0.057093
 0.816062  |    0.049350
 0.834933  |    0.035590
 0.814890  |    0.034272
 0.839065  |    0.026313
 0.879459  |    0.014608
 0.937399  |    0.004283
 0.917610  |    0.009833
 0.935512  |    0.004527
 0.967542  |    0.001102
 0.999573  |    0.000663
 0.994154  |    0.000130
 1.001750  |    0.000148
 1.000940  |    0.000001
 0.997344  |    0.000076
 1.006016  |    0.000058
 1.001310  |    0.000014
 1.000816  |    0.000001
 0.997533  |    0.000006
 1.000243  |    0.000003
 0.999852  |    0.000000
 1.000914  |    0.000001
 0.999922  |    0.000000
       xC  |       f(xC)
 0.500000  |  756.500000
-0.750000  |  331.578125
-0.750000  |  331.578125
-0.750000  |  331.578125
 0.390625  |   18.521101
-0.234375  |   38.627722
-0.625000  |   32.547852
-0.390625  |    3.394301
 0.195312  |    3.705324
-0.009766  |    2.755184
-0.009766  |    2.755184
 0.095215  |    1.016361
 0.095215  |    1.016361
 0.033264  |    0.969090
 0.089188  |    0.829689
 0.189705  |    0.804113
 0.197840  |    0.681671
 0.248971  |    0.564528
 0.314046  |    0.520942
 0.295453  |    0.503925
 0.369826  |    0.401161
 0.407012  |    0.353410
 0.444198  |    0.311254
 0.481385  |    0.275725
 0.499979  |    0.289304
 0.532517  |    0.221771
 0.588296  |    0.169500
 0.683587  |    0.130209
 0.683006  |    0.103165
 0.776845  |    0.059489
 0.752804  |    0.063836
 0.778461  |    0.049959
 0.833006  |    0.037653
 0.841037  |    0.029062
 0.815380  |    0.036833
 0.826201  |    0.030366
 0.834929  |    0.027249
 0.867569  |    0.020202
 0.868137  |    0.018335
 0.902197  |    0.012291
 0.894250  |    0.011765
 0.906360  |    0.008823
 0.942502  |    0.004465
 0.945577  |    0.003276
 0.989406  |    0.001577
 0.981524  |    0.000579
 1.000233  |    0.000125
 0.984967  |    0.000251
 0.994446  |    0.000031
 1.003925  |    0.000079
 1.004724  |    0.000023
 0.999385  |    0.000004
 1.001743  |    0.000004
 0.999663  |    0.000000
 1.001847  |    0.000007
 1.001249  |    0.000002
 1.000636  |    0.000001
 1.000782  |    0.000001
 1.000138  |    0.000000
       xC  |        f(xC)
 0.500000  |  1056.500000
-1.000000  |   310.250000
-1.000000  |   310.250000
-0.437500  |    95.158752
-0.437500  |    95.158752
-0.468750  |     3.332249
-0.468750  |     3.332249
-0.105469  |     1.984112
-0.260742  |     2.182880
-0.117920  |     1.274508
-0.117920  |     1.274508
-0.109406  |     1.286470
 0.008514  |     1.122373
 0.117920  |     0.792644
 0.151657  |     0.720090
 0.269577  |     0.782042
 0.235920  |     0.621401
 0.202263  |     0.644154
 0.244394  |     0.571498
 0.324460  |     0.528535
 0.338181  |     0.486675
 0.351902  |     0.451123
 0.365622  |     0.420879
 0.379343  |     0.395026
 0.393064  |     0.372736
 0.464735  |     0.412738
 0.439190  |     0.347973
 0.413645  |     0.344371
 0.436708  |     0.324736
 0.468821  |     0.292520
 0.512319  |     0.250615
 0.534578  |     0.226994
 0.548772  |     0.210861
 0.567483  |     0.188319
 0.628455  |     0.140027
 0.727763  |     0.077102
 0.727763  |     0.077102
 0.736708  |     0.069340
 0.822233  |     0.035496
 0.822233  |     0.035496
 0.826124  |     0.031039
 0.888723  |     0.015111
 0.888723  |     0.015111
 0.889357  |     0.012890
 0.928755  |     0.005078
 0.968153  |     0.001092
 1.007551  |     0.002273
 0.998336  |     0.000087
 0.987929  |     0.000312
 1.002723  |     0.000039
 0.996831  |     0.000010
 1.001752  |     0.000004
 1.000036  |     0.000002
 0.997373  |     0.000025
 1.000228  |     0.000002
 1.001861  |     0.000004
 1.000842  |     0.000001
 0.999823  |     0.000001
 0.999725  |     0.000000
       xC  |        f(xC)
 0.500000  |  1406.500000
-1.250000  |   249.203125
-1.250000  |   249.203125
-0.593750  |    85.912632
-0.648438  |   253.444005
-0.648438  |   253.444005
 0.416992  |    30.951444
-0.157227  |    13.438329
-0.574219  |    20.305640
-0.416992  |     6.231387
 0.208496  |     6.063205
-0.078613  |     4.406981
-0.078613  |     4.406981
 0.084595  |     1.145272
 0.084595  |     1.145272
 0.012070  |     1.056206
 0.045315  |     0.947815
 0.017364  |     0.974936
 0.044362  |     0.913641
 0.093541  |     0.829461
 0.142720  |     0.794878
 0.182265  |     0.733102
 0.187585  |     0.660706
 0.225799  |     0.606974
 0.280299  |     0.528704
 0.370190  |     0.433531
 0.364002  |     0.407628
 0.415679  |     0.341483
 0.473544  |     0.302979
 0.483369  |     0.276219
 0.565797  |     0.230426
 0.555016  |     0.211184
 0.610489  |     0.158450
 0.665963  |     0.123870
 0.699873  |     0.091959
 0.746870  |     0.076529
 0.732940  |     0.071774
 0.771212  |     0.052452
 0.823414  |     0.050895
 0.787745  |     0.049092
 0.807532  |     0.041107
 0.821330  |     0.031929
 0.837667  |     0.027024
 0.868649  |     0.018622
 0.922444  |     0.013538
 0.923639  |     0.009729
 0.944162  |     0.004774
 0.964684  |     0.001996
 0.927227  |     0.005402
 0.945058  |     0.003541
 0.950413  |     0.002666
 0.981632  |     0.002096
 0.979182  |     0.001209
 0.984280  |     0.000340
 0.989378  |     0.000178
 1.014472  |     0.000225
 1.000651  |     0.000001
 1.001019  |     0.000150
 1.007654  |     0.000061
 1.002494  |     0.000017
 1.000037  |     0.000003
 0.997395  |     0.000010
 1.000605  |     0.000003
 0.999518  |     0.000000
 1.000506  |     0.000001
 1.000210  |     0.000000
 0.999543  |     0.000001
       xC  |        f(xC)
 0.500000  |  1806.500000
-1.500000  |   162.500000
 0.000000  |  1057.250000
-0.625000  |   530.204102
-0.125000  |     1.875977
-0.125000  |     1.875977
-0.015625  |    70.869833
 0.058594  |     9.844363
 0.058594  |     9.844363
-0.088379  |     1.952789
 0.147217  |     0.798409
 0.220703  |     0.856534
 0.349487  |     0.423350
 0.349487  |     0.423350
 0.351761  |     0.460989
 0.443680  |     0.364970
 0.533325  |     0.229220
 0.557442  |     0.199839
 0.581558  |     0.176048
 0.638439  |     0.223570
 0.583720  |     0.184208
 0.583720  |     0.184208
 0.596319  |     0.175463
 0.573097  |     0.184231
 0.591501  |     0.166871
 0.623636  |     0.145236
 0.645401  |     0.134470
 0.690466  |     0.107664
 0.758576  |     0.091483
 0.742573  |     0.076850
 0.766641  |     0.059579
 0.790709  |     0.046492
 0.814778  |     0.036220
 0.838846  |     0.028198
 0.826875  |     0.041663
 0.853936  |     0.024796
 0.908578  |     0.009976
 0.923019  |     0.006014
 0.978700  |     0.010147
 0.961690  |     0.002477
 0.944679  |     0.003908
 0.964014  |     0.001471
 0.983350  |     0.000378
 0.984512  |     0.000384
 0.987251  |     0.000166
 0.996524  |     0.000076
 0.992204  |     0.000069
 0.993470  |     0.000063
 0.999056  |     0.000042
 1.003376  |     0.000012
 0.999820  |     0.000011
 1.001091  |     0.000002
 0.999251  |     0.000003
 1.001266  |     0.000002
 1.000675  |     0.000000
 1.000092  |     0.000000
       xC  |        f(xC)
 0.500000  |  2256.500000
-1.750000  |    73.578125
-0.062500  |  1289.826721
-0.765625  |   567.063971
-0.167969  |    60.748841
 0.333984  |     7.253569
 0.333984  |     7.253569
 0.050537  |     5.382297
-0.129089  |     6.058600
-0.179626  |     1.403877
-0.179626  |     1.403877
-0.099632  |     1.532380
 0.079994  |     1.000298
 0.079994  |     1.000298
 0.109812  |     0.805038
 0.177262  |     0.682624
 0.177262  |     0.682624
 0.242758  |     0.735084
 0.227361  |     0.627983
 0.211964  |     0.623038
 0.237013  |     0.582411
 0.284240  |     0.512677
 0.331467  |     0.447032
 0.380608  |     0.415391
 0.391457  |     0.387709
 0.467722  |     0.373256
 0.459505  |     0.338542
 0.467123  |     0.295124
 0.474741  |     0.275905
 0.562134  |     0.194348
 0.562134  |     0.194348
 0.615652  |     0.163196
 0.654940  |     0.128890
 0.706757  |     0.087170
 0.758575  |     0.058827
 0.781932  |     0.151208
 0.827910  |     0.060553
 0.873888  |     0.016059
 0.873888  |     0.016059
 0.910441  |     0.008613
 0.861923  |     0.021470
 0.880035  |     0.014402
 0.898148  |     0.012781
 0.891140  |     0.012152
 0.899336  |     0.010134
 0.926238  |     0.005864
 0.944663  |     0.004376
 0.964558  |     0.002843
 0.976711  |     0.000824
 0.988864  |     0.000135
 1.019441  |     0.000898
 1.013267  |     0.000185
 1.002609  |     0.000009
 0.991528  |     0.000100
 0.994510  |     0.000038
 0.997814  |     0.000005
 1.001783  |     0.000007
 1.000458  |     0.000001
 0.999467  |     0.000000
 1.000873  |     0.000001
 1.000314  |     0.000000
       xC  |        f(xC)
 0.500000  |  2756.500000
 0.500000  |  2756.500000
-0.750000  |   940.953125
-0.437500  |     4.387268
-0.437500  |     4.387268
-0.164062  |   144.334396
 0.773438  |    61.000686
-0.136719  |    22.281827
-0.268555  |     6.495426
-0.131836  |     8.741961
-0.167236  |     1.451239
-0.167236  |     1.451239
-0.095673  |     1.594781
 0.071564  |     1.333343
 0.167236  |     0.761809
 0.077591  |     0.948967
 0.077591  |     0.948967
 0.180607  |     0.693842
 0.283623  |     0.564236
 0.290308  |     0.504920
 0.410037  |     0.387803
 0.386790  |     0.378148
 0.429219  |     0.332559
 0.501290  |     0.262767
 0.501290  |     0.262767
 0.509790  |     0.247183
 0.577685  |     0.213250
 0.569212  |     0.201625
 0.615924  |     0.166675
 0.640348  |     0.149377
 0.658971  |     0.117509
 0.677593  |     0.108179
 0.745065  |     0.068758
 0.812536  |     0.036256
 0.831159  |     0.028593
 0.850928  |     0.033610
 0.845794  |     0.026455
 0.847597  |     0.023707
 0.866151  |     0.018219
 0.892091  |     0.012705
 0.934695  |     0.008926
 0.931430  |     0.005643
 0.965872  |     0.001165
 1.000314  |     0.000052
 1.007442  |     0.003785
 1.029710  |     0.001373
 1.009445  |     0.000758
 0.997271  |     0.000008
 1.006382  |     0.000133
 1.004615  |     0.000022
 0.995808  |     0.000105
 0.999183  |     0.000019
 1.002558  |     0.000007
 0.997785  |     0.000005
 1.000336  |     0.000002
 1.000480  |     0.000001
 0.999097  |     0.000001
 1.000062  |     0.000000
 1.000030  |     0.000000
       xC  |        f(xC)
 0.500000  |  3306.500000
 0.500000  |  3306.500000
-0.875000  |  1009.594727
-0.531250  |     2.555393
-0.445312  |   393.130863
-0.251953  |    60.784634
-0.251953  |    60.784634
 0.266357  |     5.301027
-0.116821  |     2.664697
-0.375977  |     1.956541
-0.152405  |     1.445721
-0.226089  |     1.589532
-0.132725  |     1.283986
-0.146226  |     1.364480
-0.013501  |     1.111998
 0.062987  |     0.879539
 0.116978  |     0.859672
 0.092232  |     0.838730
 0.101228  |     0.807856
 0.156340  |     0.711792
 0.211452  |     0.628132
 0.309303  |     0.553841
 0.315205  |     0.492542
 0.427813  |     0.404392
 0.405564  |     0.365439
 0.450971  |     0.303686
 0.518626  |     0.286561
 0.518853  |     0.249091
 0.587077  |     0.195495
 0.570248  |     0.186423
 0.593292  |     0.170563
 0.664623  |     0.115519
 0.735954  |     0.073720
 0.696081  |     0.094655
 0.721778  |     0.077485
 0.771846  |     0.055677
 0.782373  |     0.047504
 0.858758  |     0.023204
 0.858758  |     0.023204
 0.864348  |     0.019140
 0.926389  |     0.007637
 0.926389  |     0.007637
 0.928462  |     0.005786
 0.971699  |     0.001186
 0.962963  |     0.001376
 0.980139  |     0.000967
 1.006051  |     0.000182
 1.006051  |     0.000182
 1.006125  |     0.000060
 1.001776  |     0.000030
 0.989925  |     0.000130
 0.995588  |     0.000036
 1.001250  |     0.000006
 0.997631  |     0.000007
 1.000083  |     0.000000
 0.998769  |     0.000006
 0.998529  |     0.000002
 0.999366  |     0.000001
 1.000322  |     0.000000
       xC  |        f(xC)
 0.500000  |  3906.500000
 0.500000  |  3906.500000
-1.000000  |  1060.250000
-1.000000  |  1060.250000
-0.437500  |   134.856018
 0.468750  |    41.447483
-0.023438  |    39.554964
-0.492188  |    66.341910
-0.468750  |     6.243626
-0.468750  |     6.243626
-0.169922  |     1.436025
-0.169922  |     1.436025
-0.180908  |     1.939773
-0.130188  |     1.289774
-0.130188  |     1.289774
-0.007187  |     1.118466
-0.066891  |     1.138489
-0.020316  |     1.063587
 0.046575  |     0.960880
 0.110494  |     0.810575
 0.174414  |     0.699076
 0.107523  |     0.810062
 0.146047  |     0.729870
 0.213992  |     0.636493
 0.217322  |     0.613247
 0.293592  |     0.499387
 0.369861  |     0.413792
 0.399724  |     0.363930
 0.429587  |     0.325443
 0.505857  |     0.350408
 0.490119  |     0.280392
 0.481445  |     0.285912
 0.513477  |     0.240751
 0.579987  |     0.179430
 0.600286  |     0.160001
 0.717542  |     0.101461
 0.717542  |     0.101461
 0.729572  |     0.087746
 0.741601  |     0.076263
 0.753631  |     0.066607
 0.765660  |     0.058421
 0.777690  |     0.051396
 0.789720  |     0.045278
 0.801749  |     0.039859
 0.848354  |     0.058092
 0.819415  |     0.036026
 0.799590  |     0.040368
 0.810701  |     0.035991
 0.828168  |     0.032221
 0.825399  |     0.031417
 0.835945  |     0.027307
 0.857124  |     0.020867
 0.888804  |     0.012944
 0.920485  |     0.008524
 0.930811  |     0.005023
 0.943894  |     0.003284
 0.975574  |     0.005415
 0.956463  |     0.003309
 0.945401  |     0.003306
 0.952191  |     0.002955
 0.963137  |     0.001821
 0.978680  |     0.000588
 0.994222  |     0.000075
 0.997062  |     0.000266
 1.007299  |     0.000080
 0.998201  |     0.000009
 1.003698  |     0.000017
 1.000523  |     0.000000
 1.000038  |     0.000026
 0.998815  |     0.000005
 0.997591  |     0.000007
 0.998692  |     0.000002
 0.999883  |     0.000000
 1.000226  |     0.000000
       xC  |        f(xC)
 0.500000  |  4556.500000
 0.500000  |  4556.500000
-1.125000  |  1091.454102
-1.125000  |  1091.454102
-0.515625  |   134.131918
-0.507812  |     6.239878
-0.507812  |     6.239878
-0.507812  |     6.239878
-0.184082  |     1.496375
-0.299927  |     3.631736
-0.167023  |     1.458151
-0.167023  |     1.458151
-0.029408  |     1.105351
-0.029408  |     1.105351
-0.052783  |     1.110162
-0.027900  |     1.065174
 0.024884  |     0.976938
 0.093125  |     0.844874
 0.183045  |     0.700614
 0.135681  |     0.751959
 0.170403  |     0.690031
 0.214561  |     0.618115
 0.285518  |     0.511438
 0.356474  |     0.430455
 0.392709  |     0.369986
 0.428944  |     0.327176
 0.499900  |     0.321781
 0.491598  |     0.266771
 0.541800  |     0.210186
 0.592001  |     0.166560
 0.642202  |     0.128255
 0.621350  |     0.180957
 0.638405  |     0.140890
 0.677247  |     0.105667
 0.694053  |     0.093864
 0.774910  |     0.058198
 0.771502  |     0.052612
 0.843840  |     0.029075
 0.822347  |     0.032122
 0.843359  |     0.025367
 0.884420  |     0.019793
 0.858636  |     0.021152
 0.872721  |     0.018687
 0.886921  |     0.013504
 0.901121  |     0.009837
 0.943491  |     0.006790
 0.947098  |     0.004209
 0.950706  |     0.002667
 0.960774  |     0.001654
 0.993831  |     0.002522
 0.974786  |     0.001403
 0.977575  |     0.001012
 0.968598  |     0.000999
 0.975179  |     0.000696
 0.982654  |     0.000322
 0.990129  |     0.000099
 1.001395  |     0.000147
 1.001368  |     0.000030
 1.001342  |     0.000004
 0.999486  |     0.000005
 0.999009  |     0.000001
 1.003104  |     0.000011
 1.000272  |     0.000002
 1.000349  |     0.000000
 0.998563  |     0.000002
 0.999436  |     0.000000
 1.000111  |     0.000000
       xC  |        f(xC)
 0.500000  |  5256.500000
 0.500000  |  5256.500000
-1.250000  |  1102.328125
-1.250000  |  1102.328125
-0.593750  |   130.645298
 0.546875  |    62.814524
-0.027344  |    53.453010
-0.574219  |    81.167430
-0.546875  |     6.122172
-0.546875  |     6.122172
-0.198242  |     1.564536
-0.322998  |     3.784385
-0.179871  |     1.488770
-0.179871  |     1.488770
-0.179871  |     1.488770
-0.031670  |     1.117640
-0.031670  |     1.117640
-0.056844  |     1.118810
-0.030046  |     1.071093
 0.026798  |     0.977555
 0.100289  |     0.837890
 0.197125  |     0.694773
 0.146118  |     0.732742
 0.183511  |     0.671518
 0.231066  |     0.596954
 0.307481  |     0.489740
 0.355443  |     0.431685
 0.437958  |     0.318104
 0.557260  |     0.202582
 0.518494  |     0.254127
 0.554530  |     0.199508
 0.621142  |     0.145458
 0.687755  |     0.141229
 0.677381  |     0.112801
 0.718058  |     0.079853
 0.758736  |     0.058703
 0.799413  |     0.041159
 0.840363  |     0.057393
 0.809719  |     0.040393
 0.796905  |     0.041310
 0.809023  |     0.037058
 0.849353  |     0.024022
 0.915212  |     0.017833
 0.909475  |     0.010830
 0.960993  |     0.004190
 0.942377  |     0.003402
 0.958720  |     0.002057
 0.986860  |     0.000654
 0.998657  |     0.000029
 0.985723  |     0.000228
 1.003595  |     0.000370
 0.996658  |     0.000020
 1.000391  |     0.000002
 0.999991  |     0.000010
 0.995490  |     0.000027
 0.999066  |     0.000001
 1.002641  |     0.000010
 1.000412  |     0.000001
 0.999181  |     0.000001
 0.999989  |     0.000000
 1.000363  |     0.000001
       xC  |        f(xC)
 0.500000  |  6006.500000
 0.500000  |  6006.500000
-1.375000  |  1092.579102
-1.375000  |  1092.579102
-1.375000  |  1092.579102
 0.585938  |    75.977464
-0.029297  |    61.200854
-0.615234  |    88.208042
-0.585938  |     5.901570
-0.585938  |     5.901570
-0.212402  |     1.641752
-0.346069  |     3.909285
-0.192719  |     1.517672
 0.096359  |     1.003831
-0.014248  |     1.192336
 0.044618  |     0.920537
 0.044618  |     0.920537
 0.057787  |     0.888424
 0.131299  |     0.807141
 0.126090  |     0.778991
 0.186581  |     0.683211
 0.247072  |     0.626080
 0.297147  |     0.521434
 0.347221  |     0.445200
 0.286730  |     0.515068
 0.320281  |     0.462029
 0.377216  |     0.400751
 0.376201  |     0.389130
 0.412805  |     0.346762
 0.487535  |     0.279184
 0.505457  |     0.254705
 0.579173  |     0.262551
 0.555756  |     0.228329
 0.529592  |     0.221457
 0.554055  |     0.200629
 0.589048  |     0.169643
 0.624041  |     0.146628
 0.707959  |     0.095887
 0.721972  |     0.082101
 0.735985  |     0.071269
 0.761649  |     0.061975
 0.712093  |     0.084602
 0.736428  |     0.070062
 0.760763  |     0.067614
 0.748743  |     0.066332
 0.749334  |     0.064160
 0.768545  |     0.057901
 0.779949  |     0.054782
 0.796437  |     0.046230
 0.819064  |     0.034982
 0.841690  |     0.026341
 0.876593  |     0.015431
 0.911496  |     0.008123
 0.970951  |     0.003071
 0.970290  |     0.000941
 0.999521  |     0.000063
 0.987452  |     0.000158
 0.998108  |     0.000686
 0.984081  |     0.000357
 0.989273  |     0.000186
 0.986845  |     0.000187
 0.991953  |     0.000066
 0.997145  |     0.000008
 1.002337  |     0.000005
 0.999804  |     0.000022
 0.999108  |     0.000002
 0.999240  |     0.000002
 0.999621  |     0.000000
 1.000867  |     0.000001
       xC  |        f(xC)
 0.500000  |  6806.500000
 0.500000  |  6806.500000
-1.500000  |  1062.500000
-1.500000  |  1062.500000
-0.750000  |   115.953125
-0.750000  |   115.953125
 0.625000  |    90.985352
-0.031250  |    69.480930
-0.656250  |    94.895664
-0.625000  |     5.594727
-0.625000  |     5.594727
-0.226562  |     1.729362
-0.369141  |     4.005030
-0.205566  |     1.544910
 0.102783  |     1.024202
-0.015198  |     1.216685
 0.047592  |     0.916203
 0.047592  |     0.916203
 0.061640  |     0.881406
 0.140052  |     0.805385
 0.134496  |     0.769583
 0.199020  |     0.674468
 0.234807  |     0.625783
 0.273851  |     0.529430
 0.312896  |     0.478147
 0.423514  |     0.344867
 0.434904  |     0.319501
 0.573997  |     0.271086
 0.550614  |     0.216068
 0.546314  |     0.220712
 0.608940  |     0.153160
 0.653760  |     0.121877
 0.729993  |     0.090462
 0.728944  |     0.074657
 0.802553  |     0.039133
 0.845143  |     0.024502
 0.920595  |     0.006404
 0.924869  |     0.016230
 0.935663  |     0.006676
 0.987390  |     0.000215
 0.958828  |     0.003533
 0.977551  |     0.001005
 0.996273  |     0.000040
 0.996273  |     0.000040
 1.002697  |     0.000025
 0.990978  |     0.000101
 0.996555  |     0.000012
 1.000833  |     0.000007
 0.999113  |     0.000001
 1.000800  |     0.000004
 0.998675  |     0.000003
 0.999425  |     0.000001
 1.000176  |     0.000000
 0.999905  |     0.000000
       xC  |        f(xC)
 0.500000  |  7656.500000
 0.500000  |  7656.500000
-1.625000  |  1012.969727
-1.625000  |  1012.969727
-0.828125  |   105.255404
-0.894531  |   708.434385
-0.512695  |   249.900281
 0.506348  |    85.732364
-0.190918  |    61.152094
-0.697266  |   101.160118
-0.506348  |    19.229062
-0.506348  |    19.229062
-0.142151  |     1.383141
 0.071075  |     0.948024
 0.071075  |     0.948024
 0.071075  |     0.948024
 0.071075  |     0.948024
 0.021935  |     0.962363
 0.062957  |     0.881582
 0.135457  |     0.845806
 0.139268  |     0.787458
 0.221294  |     0.729837
 0.204598  |     0.677639
 0.244884  |     0.574099
 0.329872  |     0.449171
 0.452938  |     0.299411
 0.452938  |     0.299411
 0.521782  |     0.233069
 0.600071  |     0.216111
 0.649343  |     0.126268
 0.649343  |     0.126268
 0.662757  |     0.114205
 0.772389  |     0.058540
 0.772389  |     0.058540
 0.778998  |     0.049940
 0.863946  |     0.030133
 0.849319  |     0.024001
 0.897699  |     0.010517
 0.870977  |     0.021289
 0.890174  |     0.013763
 0.930643  |     0.004824
 0.962032  |     0.003386
 0.949645  |     0.002755
 0.962874  |     0.001467
 0.988490  |     0.000164
 0.988490  |     0.000164
 0.990353  |     0.000185
 0.992263  |     0.000064
 1.003627  |     0.000013
 0.997468  |     0.000018
 0.997360  |     0.000010
 1.000521  |     0.000001
 0.999186  |     0.000002
 1.000432  |     0.000000
 0.999006  |     0.000001
       xC  |        f(xC)
 0.500000  |  8556.500000
 0.500000  |  8556.500000
-1.750000  |   945.453125
-1.750000  |   945.453125
-0.906250  |    92.810825
-0.976562  |   719.593389
-0.572266  |   254.503874
 0.536133  |    99.209300
-0.202148  |    68.042121
-0.738281  |   106.938018
-0.536133  |    20.006520
-0.536133  |    20.006520
-0.150513  |     1.404519
 0.075256  |     0.952537
 0.075256  |     0.952537
 0.075256  |     0.952537
 0.075256  |     0.952537
 0.023226  |     0.960489
 0.066660  |     0.875400
 0.143425  |     0.851726
 0.147460  |     0.784734
 0.181790  |     0.690289
 0.216120  |     0.619583
 0.302971  |     0.610223
 0.285293  |     0.541952
 0.327948  |     0.459379
 0.370604  |     0.397414
 0.413260  |     0.344660
 0.455915  |     0.297667
 0.498571  |     0.260930
 0.470229  |     0.306827
 0.489147  |     0.262998
 0.527020  |     0.240229
 0.536541  |     0.217741
 0.598218  |     0.172269
 0.592320  |     0.166640
 0.625575  |     0.140808
 0.700930  |     0.098077
 0.715345  |     0.085500
 0.784803  |     0.092083
 0.760886  |     0.071347
 0.732218  |     0.071850
 0.753800  |     0.060633
 0.791006  |     0.044016
 0.828213  |     0.033128
 0.853501  |     0.021915
 0.878790  |     0.014715
 0.915996  |     0.017521
 0.916359  |     0.008693
 0.929548  |     0.007370
 0.951539  |     0.002608
 0.989654  |     0.000147
 1.027768  |     0.001829
 1.020803  |     0.000484
 1.006970  |     0.000049
 0.993112  |     0.000141
 0.996589  |     0.000020
 1.000910  |     0.000005
 0.999689  |     0.000005
 0.996565  |     0.000016
 0.999518  |     0.000001
 1.001270  |     0.000002
 1.000231  |     0.000000
 1.000001  |     0.000001
 0.999654  |     0.000000
       xC  |        f(xC)
 0.500000  |  9506.500000
 0.500000  |  9506.500000
-1.875000  |   862.000977
-1.875000  |   862.000977
-0.984375  |    79.096823
-1.058594  |   723.611170
-1.058594  |   723.611170
 0.565918  |   114.056389
-0.213379  |    75.262185
-0.779297  |   112.172771
-0.565918  |    20.647700
 0.282959  |    21.078457
-0.106689  |    20.662973
-0.106689  |    20.662973
 0.114807  |     1.537331
 0.114807  |     1.537331
 0.016380  |     1.693151
 0.061499  |     0.917796
 0.061499  |     0.917796
 0.088656  |     0.836553
 0.115813  |     0.782300
 0.148358  |     0.791382
 0.139324  |     0.756241
 0.178236  |     0.693750
 0.217149  |     0.644387
 0.237993  |     0.583469
 0.271694  |     0.538167
 0.330526  |     0.482146
 0.355655  |     0.431936
 0.380785  |     0.391042
 0.405915  |     0.356268
 0.431044  |     0.325375
 0.489876  |     0.365580
 0.479307  |     0.303782
 0.476020  |     0.275255
 0.501971  |     0.249973
 0.563563  |     0.194873
 0.659179  |     0.154287
 0.641734  |     0.130863
 0.682217  |     0.100988
 0.740147  |     0.092931
 0.741545  |     0.072407
 0.802970  |     0.047721
 0.789012  |     0.044517
 0.809256  |     0.038550
 0.873823  |     0.016024
 0.918236  |     0.009174
 0.918236  |     0.009174
 0.908671  |     0.008705
 0.912773  |     0.007776
 0.926440  |     0.005560
 0.936005  |     0.004579
 0.941472  |     0.003500
 0.964706  |     0.001552
 0.980082  |     0.001006
 0.995117  |     0.000521
 0.994776  |     0.000091
 0.998365  |     0.000004
 1.008744  |     0.000095
 1.002754  |     0.000011
 0.998528  |     0.000023
 1.000467  |     0.000007
 0.999770  |     0.000000
 0.999633  |     0.000003
 1.001053  |     0.000001
 1.000057  |     0.000000
       xC  |         f(xC)
 0.500000  |  10506.500000
 0.500000  |  10506.500000
-2.000000  |    765.250000
-2.000000  |    765.250000
-1.062500  |     64.680237
-1.140625  |    720.432158
-0.691406  |    257.015560
 0.595703  |    130.350421
-0.224609  |     82.805789
-0.820312  |    116.814574
-0.595703  |     21.145701
 0.297852  |     23.704398
-0.112305  |     22.716913
-0.233154  |     26.443523
-0.120850  |      1.652071
-0.120850  |      1.652071
-0.120850  |      1.652071
-0.038834  |      1.152642
-0.038834  |      1.152642
-0.044775  |      1.097600
-0.030611  |      1.074905
 0.014164  |      1.013218
 0.082468  |      0.868415
 0.177841  |      0.698728
 0.139833  |      0.751138
 0.171565  |      0.686342
 0.263800  |      0.549387
 0.356035  |      0.527593
 0.324303  |      0.467957
 0.343484  |      0.431020
 0.429443  |      0.374959
 0.427134  |      0.334792
 0.507320  |      0.249640
 0.484964  |      0.270596
 0.507644  |      0.242415
 0.553649  |      0.199371
 0.634321  |      0.142429
 0.637479  |      0.132218
 0.726047  |      0.084220
 0.726047  |      0.084220
 0.724989  |      0.077246
 0.775061  |      0.050686
 0.825132  |      0.030657
 0.907880  |      0.012567
 0.902472  |      0.009714
 0.950427  |      0.002503
 0.950427  |      0.002503
 0.978460  |      0.006633
 0.958787  |      0.002857
 0.939115  |      0.003714
 0.954607  |      0.002242
 0.977233  |      0.000742
 0.984366  |      0.000257
 0.997769  |      0.000219
 0.993373  |      0.000058
 1.002596  |      0.000007
 0.994688  |      0.000071
 0.996008  |      0.000016
 0.998972  |      0.000004
 1.001855  |      0.000003
 1.000160  |      0.000000
 0.999144  |      0.000003
 1.000076  |      0.000000
 0.999037  |      0.000001
       xC  |            f(xC)
20.000000  |  14402386.000000
19.000000  |  11543330.250000
17.500000  |   8044586.312500
14.750000  |   3715445.312500
10.375000  |    623941.040039
 2.687500  |     76900.737366
-5.000000  |     26442.250000
-5.000000  |     26442.250000
-1.062500  |        11.103577
 0.296875  |         0.498110
 0.296875  |         0.498110
-0.148438  |         1.716430
-0.376953  |         4.951534
-0.168457  |         1.457332
 0.084229  |         0.971515
 0.084229  |         0.971515
 0.005524  |         1.034066
 0.043495  |         0.927569
 0.057131  |         0.890883
 0.129191  |         0.834827
 0.124812  |         0.790868
 0.185924  |         0.694259
 0.220112  |         0.641084
 0.259004  |         0.549076
 0.297895  |         0.515970
 0.405164  |         0.355111
 0.480701  |         0.288832
 0.480701  |         0.288832
 0.507131  |         0.264097
 0.538458  |         0.214142
 0.569784  |         0.188559
 0.653972  |         0.120300
 0.664251  |         0.114614
 0.774137  |         0.057878
 0.774137  |         0.057878
 0.778125  |         0.050555
 0.855621  |         0.034257
 0.840235  |         0.027394
 0.871384  |         0.017866
 0.883112  |         0.014033
 0.894839  |         0.011082
 0.921954  |         0.013521
 0.917192  |         0.008232
 0.912431  |         0.007802
 0.923608  |         0.005888
 0.946788  |         0.003006
 0.981833  |         0.001201
 0.973623  |         0.000703
 0.982885  |         0.000522
 0.981096  |         0.000369
 0.992461  |         0.000091
 1.005616  |         0.000032
 0.996197  |         0.000017
 1.000420  |         0.000001
 1.002935  |         0.000025
 0.998937  |         0.000004
 1.000678  |         0.000001
 1.000334  |         0.000003
 1.000071  |         0.000000
 1.000309  |         0.000001
 0.999260  |         0.000001
       xC  |            f(xC)
20.000000  |  14364461.000000
18.000000  |   9090514.000000
15.000000  |   3990202.250000
 9.500000  |    367611.312500
 4.000000  |     32409.000000
-0.500000  |    128703.812500
-0.500000  |        78.812500
-0.500000  |        78.812500
 0.375000  |         0.415039
 0.375000  |         0.415039
 0.375000  |         0.415039
 0.375000  |         0.415039
 0.144531  |         2.236507
 0.223633  |         1.012372
 0.319092  |         0.530857
 0.319092  |         0.530857
 0.462952  |         0.290446
 0.462952  |         0.290446
 0.421104  |         0.370471
 0.422407  |         0.333653
 0.442354  |         0.311888
 0.493523  |         0.272901
 0.500677  |         0.256167
 0.569732  |         0.229376
 0.559623  |         0.211534
 0.603404  |         0.172063
 0.647185  |         0.146610
 0.670748  |         0.108551
 0.708638  |         0.100811
 0.696778  |         0.094983
 0.725116  |         0.076123
 0.765315  |         0.063694
 0.766470  |         0.057010
 0.809555  |         0.038463
 0.852639  |         0.028284
 0.868540  |         0.019434
 0.884441  |         0.013636
 0.927526  |         0.018601
 0.917909  |         0.009022
 0.908292  |         0.008739
 0.925026  |         0.005628
 0.957244  |         0.001840
 1.005154  |         0.000610
 0.992343  |         0.000640
 1.005666  |         0.000038
 0.988244  |         0.000146
 0.994649  |         0.000154
 0.998556  |         0.000004
 1.004689  |         0.000022
 1.001483  |         0.000009
 1.001101  |         0.000004
 1.000726  |         0.000001
 0.998461  |         0.000003
 0.999687  |         0.000000
 1.000513  |         0.000000
 1.000082  |         0.000001
       xC  |            f(xC)
20.000000  |  14326586.000000
17.000000  |   7036012.250000
12.500000  |   1648146.312500
 4.250000  |     26824.625000
-4.000000  |     62525.000000
-1.000000  |    154060.250000
-0.750000  |       129.625000
 0.562500  |         0.864319
-0.281250  |         5.494541
-0.656250  |        11.498753
-0.304688  |         1.793488
-0.304688  |         1.793488
-0.304688  |         1.793488
-0.215332  |         2.443035
 0.089355  |         0.847829
 0.089355  |         0.847829
 0.089355  |         0.847829
 0.166534  |         0.709198
 0.130989  |         0.762182
 0.160692  |         0.704501
 0.247127  |         0.576361
 0.333561  |         0.557579
 0.303858  |         0.504906
 0.321877  |         0.465226
 0.402469  |         0.447542
 0.400339  |         0.396038
 0.422590  |         0.336333
 0.452532  |         0.299805
 0.527801  |         0.248165
 0.527801  |         0.248165
 0.527698  |         0.235799
 0.572560  |         0.197957
 0.617422  |         0.176788
 0.632239  |         0.154530
 0.647055  |         0.136166
 0.661872  |         0.120876
 0.676688  |         0.107954
 0.691505  |         0.096811
 0.706321  |         0.086971
 0.751183  |         0.101052
 0.739865  |         0.078696
 0.730295  |         0.073775
 0.747504  |         0.063755
 0.781600  |         0.049544
 0.815696  |         0.045766
 0.849149  |         0.035999
 0.864910  |         0.018257
 0.894422  |         0.015649
 0.884752  |         0.013716
 0.905097  |         0.009476
 0.960291  |         0.001613
 0.966837  |         0.001674
 1.012362  |         0.000154
 1.012362  |         0.000154
 0.998526  |         0.000002
 0.999976  |         0.000339
 1.005806  |         0.000054
 1.000709  |         0.000033
 0.997798  |         0.000010
 1.000528  |         0.000002
 0.999755  |         0.000002
 0.997786  |         0.000006
 0.999649  |         0.000001
 1.000754  |         0.000001
 1.000098  |         0.000000
       xC  |            f(xC)
20.000000  |  14288761.000000
16.000000  |   5336325.000000
10.000000  |    483106.000000
 4.000000  |     40009.000000
 2.000000  |    133226.000000
 7.000000  |      6042.250000
-0.500000  |       828.812500
 1.125000  |         8.829102
 1.125000  |         8.829102
 0.296875  |       112.091738
-0.339844  |         8.478940
-0.339844  |         8.478940
-0.339844  |         8.478940
-0.228271  |         1.531797
-0.228271  |         1.531797
-0.228271  |         1.531797
-0.057709  |         1.418614
-0.128563  |         1.275482
-0.060995  |         1.184441
-0.079530  |         1.165496
-0.018535  |         1.102152
 0.131258  |         0.766607
 0.238969  |         0.622285
 0.238969  |         0.622285
 0.220871  |         0.611972
 0.244418  |         0.571284
 0.318658  |         0.470837
 0.369814  |         0.430266
 0.399132  |         0.397810
 0.421271  |         0.342251
 0.443410  |         0.309909
 0.524186  |         0.229058
 0.578684  |         0.196311
 0.607393  |         0.173432
 0.624665  |         0.141290
 0.644310  |         0.127854
 0.720185  |         0.078302
 0.770994  |         0.058358
 0.770994  |         0.058358
 0.796906  |         0.050990
 0.810876  |         0.037826
 0.824846  |         0.030696
 0.890639  |         0.017999
 0.888161  |         0.012811
 0.947758  |         0.003311
 0.930380  |         0.007021
 0.947554  |         0.002892
 0.981493  |         0.000352
 1.015432  |         0.001923
 1.011037  |         0.000184
 1.006641  |         0.000667
 1.004648  |         0.000046
 0.992572  |         0.000063
 0.997936  |         0.000022
 1.001299  |         0.000008
 0.996095  |         0.000016
 0.998316  |         0.000005
 0.999252  |         0.000002
 0.999232  |         0.000001
 1.001025  |         0.000002
 1.000134  |         0.000000
 1.000371  |         0.000001
       xC  |            f(xC)
20.000000  |  14250986.000000
15.000000  |   3950352.250000
 7.500000  |     53518.812500
 0.000000  |    160001.000000
 0.000000  |    160001.000000
 5.000000  |     12672.250000
 0.000000  |       157.250000
 0.000000  |       157.250000
-0.625000  |        52.079102
-0.625000  |        32.547852
-0.625000  |        32.547852
-0.390625  |         3.394301
 0.195312  |         3.705324
-0.009766  |         2.755184
-0.009766  |         2.755184
 0.095215  |         1.016361
 0.095215  |         1.016361
 0.033264  |         0.969090
 0.089188  |         0.829689
 0.189705  |         0.804113
 0.197840  |         0.681671
 0.248971  |         0.564528
 0.314046  |         0.520942
 0.295453  |         0.503925
 0.369826  |         0.401161
 0.407012  |         0.353410
 0.444198  |         0.311254
 0.481385  |         0.275725
 0.499979  |         0.289304
 0.532517  |         0.221771
 0.588296  |         0.169500
 0.683587  |         0.130209
 0.683006  |         0.103165
 0.776845  |         0.059489
 0.752804  |         0.063836
 0.778461  |         0.049959
 0.833006  |         0.037653
 0.841037  |         0.029062
 0.815380  |         0.036833
 0.826201  |         0.030366
 0.834929  |         0.027249
 0.867569  |         0.020202
 0.868137  |         0.018335
 0.902197  |         0.012291
 0.894250  |         0.011765
 0.906360  |         0.008823
 0.942502  |         0.004465
 0.945577  |         0.003276
 0.989406  |         0.001577
 0.981524  |         0.000579
 1.000233  |         0.000125
 0.984967  |         0.000251
 0.994446  |         0.000031
 1.003925  |         0.000079
 1.004724  |         0.000023
 0.999385  |         0.000004
 1.001743  |         0.000004
 0.999663  |         0.000000
 1.001847  |         0.000007
 1.001249  |         0.000002
 1.000636  |         0.000001
 1.000782  |         0.000001
 1.000138  |         0.000000
       xC  |            f(xC)
20.000000  |  14213261.000000
14.000000  |   2839394.000000
 8.000000  |    102449.000000
 2.000000  |    105626.000000
-4.000000  |     62525.000000
 0.000000  |       226.000000
 0.000000  |       226.000000
 0.000000  |       226.000000
-0.375000  |        51.329102
-0.375000  |        65.391602
-0.281250  |         3.228611
-0.281250  |         3.228611
-0.199219  |         4.574877
-0.190430  |         1.420150
-0.190430  |         1.420150
-0.121216  |         1.517649
 0.069214  |         0.957462
 0.069214  |         0.957462
 0.073563  |         0.858286
 0.126560  |         0.769703
 0.200123  |         0.650531
 0.203090  |         0.635068
 0.284070  |         0.515704
 0.332297  |         0.459542
 0.402834  |         0.370831
 0.500001  |         0.292974
 0.458431  |         0.293829
 0.491946  |         0.266935
 0.542868  |         0.231682
 0.594437  |         0.174338
 0.646007  |         0.135521
 0.595086  |         0.167653
 0.624898  |         0.140702
 0.678319  |         0.115422
 0.682370  |         0.102714
 0.745918  |         0.067990
 0.734082  |         0.070947
 0.760666  |         0.063281
 0.831588  |         0.028728
 0.881820  |         0.018026
 0.881820  |         0.018026
 0.872582  |         0.016821
 0.881435  |         0.014209
 0.912999  |         0.007745
 0.944563  |         0.003105
 0.976126  |         0.002554
 0.977089  |         0.000705
 0.999414  |         0.000097
 0.988973  |         0.000285
 0.997045  |         0.000022
 1.005116  |         0.000071
 0.998230  |         0.000013
 1.005060  |         0.000033
 1.003381  |         0.000023
 1.001225  |         0.000004
 1.000607  |         0.000000
 0.999073  |         0.000005
 1.000533  |         0.000002
 1.000205  |         0.000001
 1.000741  |         0.000001
       xC  |            f(xC)
20.000000  |  14175586.000000
13.000000  |   1967150.250000
 6.000000  |       425.000000
 6.000000  |       425.000000
 6.000000  |       425.000000
 6.000000  |       425.000000
 6.000000  |       425.000000
 5.781250  |       616.524998
 5.945312  |        24.460873
 5.945312  |        24.460873
 5.924805  |       162.662943
 5.878662  |        35.089944
 5.862854  |        28.150187
 5.862854  |        28.150187
 5.883629  |        24.203286
 5.904404  |        24.907533
 5.882801  |        23.845916
 5.854556  |        23.567959
 5.800560  |        23.045406
 5.746563  |        22.531068
 5.641063  |        21.539772
 5.535563  |        20.594726
 5.332044  |        18.834265
 5.029258  |        18.986137
 5.109942  |        17.155983
 5.015662  |        16.271211
 5.123314  |        17.165183
 5.089715  |        16.779984
 5.061088  |        16.508295
 4.955923  |        16.081465
 4.953587  |        15.840983
 4.842584  |        15.300217
 4.868000  |        15.159425
 4.827885  |        14.751546
 4.709532  |        14.217379
 4.699006  |        13.965694
 4.554336  |        13.463230
 4.579977  |        13.249551
 4.499410  |        12.632573
 4.418843  |        12.200087
 4.389558  |        11.539535
 4.345619  |        11.194138
 4.147873  |        10.344104
 4.153371  |        10.107484
 3.969369  |        10.036862
 4.020867  |         9.481467
 3.965611  |         8.869067
 3.910355  |         8.470254
 3.856351  |         8.165464
 3.750850  |         8.461788
 3.817101  |         8.136970
 3.853289  |         8.165931
 3.829210  |         8.092187
 3.781261  |         7.876048
 3.709407  |         7.592068
 3.727510  |         7.531471
 3.703744  |         7.333130
 3.629059  |         6.959588
 3.554373  |         6.682246
 3.497790  |         6.403839
 3.421967  |         6.015512
 3.346144  |         5.737154
 3.306527  |         5.320246
 3.240608  |         5.152311
 3.261471  |         5.128948
 3.213086  |         4.898184
 3.085022  |         4.433059
 3.068654  |         4.312231
 2.961453  |         4.094989
 2.961453  |         4.094989
 2.978023  |         4.032704
 2.961755  |         3.872962
 2.920883  |         3.694426
 2.880012  |         3.601628
 2.773264  |         3.147167
 2.666515  |         2.924049
 2.724057  |         2.974895
 2.685068  |         2.880899
 2.644197  |         2.745496
 2.581949  |         2.535115
 2.519700  |         2.363843
 2.453687  |         2.113384
 2.387673  |         1.939855
 2.282671  |         1.736716
 2.285662  |         1.658367
 2.188137  |         1.426811
 2.215509  |         1.497057
 2.187850  |         1.411101
 2.090181  |         1.214998
 1.992513  |         1.262875
 2.020172  |         1.124683
 2.047544  |         1.101610
 2.012468  |         1.025394
 1.945593  |         0.895404
 1.878718  |         0.803751
 1.818399  |         0.695140
 1.731199  |         0.553465
 1.759555  |         0.593713
 1.733207  |         0.537791
 1.647011  |         0.419851
 1.506550  |         0.376816
 1.519332  |         0.289971
 1.500206  |         0.268585
 1.428390  |         0.186991
 1.428390  |         0.186991
 1.364965  |         0.158903
 1.328276  |         0.126759
 1.355011  |         0.128761
 1.314127  |         0.099862
 1.277437  |         0.079396
 1.224502  |         0.054902
 1.241931  |         0.061122
 1.225846  |         0.051024
 1.196365  |         0.038565
 1.145446  |         0.021224
 1.094527  |         0.013315
 1.124008  |         0.015442
 1.105919  |         0.011884
 1.076781  |         0.005982
 1.047642  |         0.003021
 1.013810  |         0.001562
 1.038011  |         0.001451
 1.022207  |         0.000521
 1.006404  |         0.000105
 0.995538  |         0.000533
 1.004922  |         0.000071
 1.008009  |         0.000082
 1.004089  |         0.000017
 0.994582  |         0.000034
 1.000315  |         0.000006
 0.998809  |         0.000004
 1.000392  |         0.000000
 0.998298  |         0.000005
 0.999077  |         0.000001
 0.999540  |         0.000000
 1.000676  |         0.000000
       xC  |            f(xC)
20.000000  |  14137961.000000
12.000000  |   1299721.000000
 4.000000  |     40009.000000
 4.000000  |     40009.000000
 0.000000  |       401.000000
 0.000000  |       401.000000
-0.500000  |       102.250000
-0.500000  |       102.250000
-0.375000  |         6.016602
-0.375000  |         6.016602
-0.265625  |         6.376288
-0.265625  |         6.376288
-0.253906  |         1.627284
-0.196289  |         2.782648
-0.176025  |         1.462668
-0.176025  |         1.462668
-0.033875  |         1.185430
-0.096481  |         1.216782
-0.041058  |         1.100292
 0.017447  |         1.002847
 0.108286  |         0.827483
 0.235821  |         0.693920
 0.186490  |         0.661820
 0.228300  |         0.627780
 0.269282  |         0.578016
 0.329927  |         0.467958
 0.413787  |         0.349805
 0.457968  |         0.295881
 0.528740  |         0.223394
 0.599513  |         0.160706
 0.723469  |         0.090349
 0.728074  |         0.085517
 0.816852  |         0.050071
 0.771312  |         0.059103
 0.779243  |         0.053268
 0.783528  |         0.046886
 0.835177  |         0.027195
 0.866734  |         0.017965
 0.916908  |         0.009059
 0.935921  |         0.004385
 0.935921  |         0.004385
 0.965541  |         0.003609
 0.965541  |         0.003609
 0.961949  |         0.002788
 0.975403  |         0.001064
 0.988856  |         0.000221
 1.002310  |         0.000009
 0.995354  |         0.000153
 0.993844  |         0.000043
 0.998455  |         0.000005
 1.003595  |         0.000023
 0.999873  |         0.000002
 1.002400  |         0.000007
 1.000726  |         0.000001
 0.999053  |         0.000001
 1.000299  |         0.000000
 0.999381  |         0.000001
       xC  |            f(xC)
20.000000  |  14100386.000000
11.000000  |    805606.250000
 2.000000  |    115601.000000
-2.500000  |    100818.500000
-7.000000  |     12164.000000
 0.000000  |       507.250000
-1.125000  |        22.313477
-1.125000  |        22.313477
-0.703125  |         2.901118
-0.738281  |        20.807888
-0.738281  |        20.807888
-0.536133  |         6.373900
-0.536133  |         6.373900
-0.032959  |         2.474549
-0.276306  |         3.537858
-0.085556  |         1.193981
-0.085556  |         1.193981
-0.085556  |         1.193981
-0.071969  |         1.186680
 0.013587  |         1.060187
 0.085556  |         0.836679
 0.142930  |         0.803590
 0.121288  |         0.784282
 0.149471  |         0.724030
 0.238298  |         0.616165
 0.244273  |         0.581536
 0.348040  |         0.485397
 0.328074  |         0.464019
 0.381926  |         0.382719
 0.435778  |         0.318347
 0.489630  |         0.261358
 0.514388  |         0.235853
 0.539147  |         0.212419
 0.572575  |         0.244003
 0.574430  |         0.196405
 0.589590  |         0.171339
 0.610559  |         0.151856
 0.678140  |         0.108620
 0.745721  |         0.112752
 0.724753  |         0.084768
 0.741850  |         0.068976
 0.758946  |         0.058164
 0.777011  |         0.049982
 0.815075  |         0.054025
 0.791527  |         0.048411
 0.799188  |         0.044876
 0.794793  |         0.042154
 0.803553  |         0.038684
 0.821058  |         0.032398
 0.838563  |         0.027855
 0.873588  |         0.015993
 0.908613  |         0.011911
 0.891098  |         0.012054
 0.904231  |         0.010513
 0.921736  |         0.007959
 0.937045  |         0.004370
 0.952354  |         0.002275
 0.980797  |         0.001376
 0.978057  |         0.000543
 0.993366  |         0.000050
 0.983657  |         0.000453
 0.983285  |         0.000280
 0.988419  |         0.000139
 0.995016  |         0.000041
 0.995568  |         0.000020
 1.000702  |         0.000007
 0.997997  |         0.000004
 0.999888  |         0.000001
 1.001030  |         0.000003
 1.001118  |         0.000001
 1.000481  |         0.000000
 0.999843  |         0.000000
 1.000360  |         0.000000
       xC  |            f(xC)
20.000000  |  14062861.000000
10.000000  |    455706.000000
 0.000000  |    160001.000000
 0.000000  |    160001.000000
-2.500000  |    105637.250000
-5.000000  |     15661.000000
-5.000000  |     15661.000000
-5.625000  |      1392.157227
-6.093750  |       539.577671
-5.898438  |       174.466994
-6.083984  |       159.006577
-6.032715  |        50.260209
-6.112671  |       103.423665
-5.969696  |        52.266739
-5.826721  |        55.711968
-5.932541  |        48.125467
-5.932541  |        48.125467
-5.886393  |        47.424505
-5.859659  |        47.110371
-5.863954  |        47.536595
-5.857709  |        47.091004
-5.840145  |        46.854079
-5.828146  |        46.626054
-5.780582  |        46.094679
-5.701383  |        45.507602
-5.705474  |        45.174723
-5.636502  |        44.086502
-5.507326  |        42.391217
-5.304793  |        40.185321
-5.337890  |        40.175029
-5.246997  |        39.038852
-5.123008  |        37.796180
-5.116833  |        37.466019
-4.977407  |        35.922441
-4.894016  |        35.154547
-4.770259  |        33.726007
-4.598963  |        32.214469
-4.670468  |        32.198353
-4.638450  |        31.806535
-4.486897  |        30.106666
-4.335345  |        28.862056
-4.303326  |        28.389290
-4.271308  |        27.962042
-4.239289  |        27.568616
-4.207270  |        27.199838
-4.116908  |        27.625763
-4.138075  |        26.918052
-4.153817  |        26.561878
-4.117863  |        26.227920
-4.043719  |        25.439139
-3.969575  |        24.701011
-3.823524  |        23.801193
-3.785893  |        23.384173
-3.748262  |        23.010831
-3.858173  |        23.602202
-3.774995  |        22.879490
-3.691816  |        22.530091
-3.705182  |        22.390427
-3.655419  |        21.896338
-3.605656  |        21.455283
-3.531629  |        20.749099
-3.457601  |        20.162267
-3.386042  |        19.247779
-3.314483  |        18.669476
-3.094868  |        17.195516
-3.078213  |        16.749942
-2.909595  |        16.678017
-2.981412  |        16.084902
-2.964756  |        15.763632
-2.823720  |        15.385978
-2.842323  |        14.956847
-2.747795  |        14.114085
-2.653267  |        13.414442
-2.508122  |        12.388636
-2.537703  |        12.662932
-2.501187  |        12.263258
-2.352575  |        11.291912
-2.203962  |        11.203976
-2.240479  |        10.692474
-2.190092  |        10.293468
-2.139706  |         9.945557
-2.089319  |         9.634905
-2.038933  |         9.363148
-2.068514  |         9.763643
-2.010733  |         9.137399
-1.895399  |         8.475736
-1.866911  |         8.227245
-1.680358  |         7.667892
-1.698508  |         7.411928
-1.557330  |         6.920389
-1.610775  |         6.838244
-1.580269  |         6.658166
-1.450561  |         6.055519
-1.364730  |         5.853660
-1.364730  |         5.853660
-1.323255  |         5.722310
-1.305400  |         5.423561
-1.287546  |         5.242049
-1.186742  |         4.813198
-1.085938  |         4.564178
-1.028531  |         4.284397
-1.064921  |         4.394762
-0.998416  |         4.028341
-0.866452  |         3.521501
-0.835029  |         3.367439
-0.705157  |         3.012285
-0.705157  |         3.012285
-0.717986  |         2.968052
-0.686564  |         2.844793
-0.604476  |         2.607861
-0.522388  |         2.551685
-0.566639  |         2.521158
-0.565198  |         2.468306
-0.517344  |         2.305856
-0.430573  |         2.060256
-0.291480  |         1.857978
-0.308381  |         1.756809
-0.211540  |         1.515510
-0.252651  |         1.571036
-0.219381  |         1.492220
-0.126461  |         1.298468
-0.033541  |         1.264904
-0.066811  |         1.179398
-0.049223  |         1.110509
 0.035856  |         1.037110
 0.032173  |         0.969260
 0.108046  |         0.823009
 0.183918  |         0.736681
 0.204299  |         0.645532
 0.233457  |         0.596016
 0.309330  |         0.623242
 0.293263  |         0.555090
 0.283741  |         0.514096
 0.315280  |         0.481277
 0.350984  |         0.431996
 0.406623  |         0.360049
 0.462261  |         0.307785
 0.526230  |         0.228260
 0.590199  |         0.172656
 0.534560  |         0.231265
 0.568405  |         0.188507
 0.631221  |         0.144818
 0.639617  |         0.130642
 0.723422  |         0.092177
 0.710866  |         0.084713
 0.749996  |         0.063187
 0.778977  |         0.061777
 0.776806  |         0.053087
 0.800359  |         0.040121
 0.844987  |         0.024122
 0.914406  |         0.008606
 0.902007  |         0.013012
 0.918744  |         0.006659
 0.960890  |         0.002527
 0.935633  |         0.004198
 0.950392  |         0.002480
 0.976791  |         0.000947
 0.978712  |         0.000480
 0.993353  |         0.000148
 1.003373  |         0.000013
 1.003373  |         0.000013
 0.998460  |         0.000002
 1.002047  |         0.000019
 1.001813  |         0.000004
 1.000195  |         0.000002
 0.998865  |         0.000001
 0.999689  |         0.000000
 1.000324  |         0.000000
       xC  |            f(xC)
20.000000  |  14025386.000000
 9.000000  |    223320.250000
-2.000000  |    144409.000000
-2.000000  |    144409.000000
 0.750000  |    139222.328125
 4.875000  |      2689.844727
 4.875000  |      2689.844727
 4.703125  |       693.450709
 5.777344  |     23532.233987
 4.885742  |       867.618184
 4.335205  |      2019.078822
 4.511780  |        90.756535
 4.688354  |       782.131421
 4.501373  |        94.779284
 4.314392  |        89.396591
 4.314392  |        89.396591
 4.278893  |        29.090289
 4.243393  |        10.619061
 4.243393  |        10.619061
 4.243393  |        10.619061
 4.173810  |        10.074589
 4.042218  |         9.964640
 4.055827  |         9.441950
 3.958257  |         8.755215
 3.860687  |         8.183571
 3.707142  |         7.340342
 3.612782  |         6.858095
 3.436065  |         5.982424
 3.259349  |         5.236959
 3.353709  |         5.594773
 3.288941  |         5.240739
 3.156612  |         4.764335
 3.119341  |         4.499181
 2.893836  |         4.015854
 2.912942  |         3.763012
 2.879170  |         3.533825
 2.762750  |         3.338263
 2.762750  |         3.338263
 2.768860  |         3.235823
 2.679932  |         2.958481
 2.630094  |         2.825372
 2.572930  |         2.531846
 2.515766  |         2.316001
 2.430261  |         2.225931
 2.430140  |         2.114556
 2.344334  |         1.894418
 2.365665  |         1.877620
 2.336902  |         1.792431
 2.247380  |         1.559103
 2.157858  |         1.354959
 2.089667  |         1.211361
 1.998046  |         1.041552
 2.042282  |         1.105450
 2.008580  |         1.017702
 1.922227  |         0.865862
 1.786379  |         0.848627
 1.807708  |         0.690675
 1.725182  |         0.528118
 1.642656  |         0.414230
 1.519333  |         0.271897
 1.551093  |         0.492467
 1.517306  |         0.312745
 1.483518  |         0.234838
 1.446690  |         0.206686
 1.320832  |         0.112240
 1.320832  |         0.112240
 1.295386  |         0.093635
 1.233456  |         0.107260
 1.267181  |         0.083630
 1.261509  |         0.079082
 1.255838  |         0.074828
 1.250166  |         0.070842
 1.244495  |         0.067101
 1.238823  |         0.063584
 1.233151  |         0.060273
 1.257525  |         0.066328
 1.241085  |         0.059135
 1.213588  |         0.054345
 1.214791  |         0.051709
 1.190301  |         0.046680
 1.197626  |         0.044697
 1.191449  |         0.038165
 1.175240  |         0.030743
 1.159032  |         0.027336
 1.115053  |         0.013596
 1.071075  |         0.007168
 1.094991  |         0.009076
 1.078981  |         0.006465
 1.062773  |         0.003987
 1.046564  |         0.002183
 1.030356  |         0.000959
 1.005944  |         0.000038
 1.011849  |         0.001281
 1.019626  |         0.000423
 1.010841  |         0.000207
 1.004312  |         0.000049
 1.000988  |         0.000011
 1.001285  |         0.000011
 0.999697  |         0.000000
 1.003618  |         0.000015
 1.001471  |         0.000004
 1.001121  |         0.000001
 0.999222  |         0.000001
 0.999909  |         0.000000
       xC  |            f(xC)
20.000000  |  13987961.000000
 8.000000  |     84149.000000
-4.000000  |     78425.000000
 2.000000  |    115601.000000
 0.000000  |       901.000000
 0.000000  |       901.000000
-0.750000  |       287.828125
-0.750000  |       175.328125
-0.562500  |        19.264221
-0.515625  |        44.312582
-0.410156  |         2.006530
-0.410156  |         2.006530
-0.282715  |         6.341384
 0.127441  |         1.736493
-0.063721  |         1.510409
-0.205078  |         1.689999
-0.083130  |         1.189949
-0.083130  |         1.189949
-0.082443  |         1.190294
 0.000687  |         1.068752
 0.083130  |         0.840726
 0.145134  |         0.787109
 0.119413  |         0.783325
 0.140539  |         0.738687
 0.221372  |         0.619347
 0.222289  |         0.605045
 0.305416  |         0.482809
 0.388543  |         0.400028
 0.417475  |         0.351795
 0.446408  |         0.312593
 0.475340  |         0.279073
 0.421146  |         0.409742
 0.469942  |         0.296926
 0.518739  |         0.236261
 0.518739  |         0.236261
 0.524622  |         0.226584
 0.570963  |         0.187068
 0.617303  |         0.162820
 0.640595  |         0.143972
 0.664008  |         0.117424
 0.687422  |         0.098280
 0.710713  |         0.086224
 0.681781  |         0.106056
 0.697718  |         0.091673
 0.724566  |         0.079484
 0.723737  |         0.076689
 0.748514  |         0.063296
 0.794491  |         0.044260
 0.867033  |         0.043563
 0.856052  |         0.027087
 0.856441  |         0.022410
 0.890065  |         0.012112
 0.935155  |         0.004207
 1.008523  |         0.003848
 1.001648  |         0.000029
 0.986555  |         0.002502
 1.017748  |         0.000821
 1.001900  |         0.000464
 1.001564  |         0.000003
 1.001564  |         0.000003
 0.991743  |         0.000072
 1.001174  |         0.000042
 0.999011  |         0.000005
 1.002415  |         0.000007
 0.999092  |         0.000008
 0.999882  |         0.000000
 0.999882  |         0.000000
 1.000905  |         0.000001
 0.999696  |         0.000001
       xC  |            f(xC)
20.000000  |  13950586.000000
 7.000000  |     16292.250000
-6.000000  |     10049.000000
 0.500000  |    154056.500000
 0.000000  |      1057.250000
 0.000000  |      1057.250000
-0.812500  |       356.314026
-0.812500  |       191.274963
-0.812500  |       191.274963
-0.507812  |         6.239878
-0.507812  |         6.239878
-0.507812  |         6.239878
-0.184082  |         1.496375
-0.299927  |         3.631736
-0.167023  |         1.458151
-0.167023  |         1.458151
-0.029408  |         1.105351
-0.029408  |         1.105351
-0.052783  |         1.110162
-0.027900  |         1.065174
 0.024884  |         0.976938
 0.093125  |         0.844874
 0.183045  |         0.700614
 0.135681  |         0.751959
 0.170403  |         0.690031
 0.214561  |         0.618115
 0.285518  |         0.511438
 0.356474  |         0.430455
 0.392709  |         0.369986
 0.428944  |         0.327176
 0.499900  |         0.321781
 0.491598  |         0.266771
 0.541800  |         0.210186
 0.592001  |         0.166560
 0.642202  |         0.128255
 0.621350  |         0.180957
 0.638405  |         0.140890
 0.677247  |         0.105667
 0.694053  |         0.093864
 0.774910  |         0.058198
 0.771502  |         0.052612
 0.843840  |         0.029075
 0.822347  |         0.032122
 0.843359  |         0.025367
 0.884420  |         0.019793
 0.858636  |         0.021152
 0.872721  |         0.018687
 0.886921  |         0.013504
 0.901121  |         0.009837
 0.943491  |         0.006790
 0.947098  |         0.004209
 0.950706  |         0.002667
 0.960774  |         0.001654
 0.993831  |         0.002522
 0.974786  |         0.001403
 0.977575  |         0.001012
 0.968598  |         0.000999
 0.975179  |         0.000696
 0.982654  |         0.000322
 0.990129  |         0.000099
 1.001395  |         0.000147
 1.001368  |         0.000030
 1.001342  |         0.000004
 0.999486  |         0.000005
 0.999009  |         0.000001
 1.003104  |         0.000011
 1.000272  |         0.000002
 1.000349  |         0.000000
 0.998563  |         0.000002
 0.999436  |         0.000000
 1.000111  |         0.000000
       xC  |            f(xC)
20.000000  |  13913261.000000
 6.000000  |       250.000000
-8.000000  |     25681.000000
-1.000000  |    220904.000000
 0.000000  |      1226.000000
 0.000000  |      1226.000000
-0.875000  |       435.375977
-0.875000  |       205.688477
-0.875000  |       205.688477
-0.546875  |         6.122172
-0.546875  |         6.122172
-0.546875  |         6.122172
-0.198242  |         1.564536
-0.322998  |         3.784385
-0.179871  |         1.488770
-0.179871  |         1.488770
-0.179871  |         1.488770
-0.031670  |         1.117640
-0.031670  |         1.117640
-0.056844  |         1.118810
-0.030046  |         1.071093
 0.026798  |         0.977555
 0.100289  |         0.837890
 0.197125  |         0.694773
 0.146118  |         0.732742
 0.183511  |         0.671518
 0.231066  |         0.596954
 0.307481  |         0.489740
 0.355443  |         0.431685
 0.437958  |         0.318104
 0.557260  |         0.202582
 0.518494  |         0.254127
 0.554530  |         0.199508
 0.621142  |         0.145458
 0.687755  |         0.141229
 0.677381  |         0.112801
 0.718058  |         0.079853
 0.758736  |         0.058703
 0.799413  |         0.041159
 0.840363  |         0.057393
 0.809719  |         0.040393
 0.796905  |         0.041310
 0.809023  |         0.037058
 0.849353  |         0.024022
 0.915212  |         0.017833
 0.909475  |         0.010830
 0.960993  |         0.004190
 0.942377  |         0.003402
 0.958720  |         0.002057
 0.986860  |         0.000654
 0.998657  |         0.000029
 0.985723  |         0.000228
 1.003595  |         0.000370
 0.996658  |         0.000020
 1.000391  |         0.000002
 0.999991  |         0.000010
 0.995490  |         0.000027
 0.999066  |         0.000001
 1.002641  |         0.000010
 1.000412  |         0.000001
 0.999181  |         0.000001
 0.999989  |         0.000000
 1.000363  |         0.000001
        xC  |            f(xC)
 20.000000  |  13875986.000000
  5.000000  |     18922.250000
-10.000000  |    250121.000000
 -2.500000  |    191418.500000
  5.000000  |     62516.000000
  0.000000  |      1407.250000
  0.000000  |      1407.250000
 -0.937500  |       525.947815
 -0.937500  |       218.330627
 -0.937500  |       218.330627
 -0.585938  |         5.901570
 -0.585938  |         5.901570
 -0.585938  |         5.901570
 -0.212402  |         1.641752
 -0.346069  |         3.909285
 -0.192719  |         1.517672
  0.096359  |         1.003831
 -0.014248  |         1.192336
  0.044618  |         0.920537
  0.044618  |         0.920537
  0.057787  |         0.888424
  0.131299  |         0.807141
  0.126090  |         0.778991
  0.186581  |         0.683211
  0.247072  |         0.626080
  0.297147  |         0.521434
  0.347221  |         0.445200
  0.286730  |         0.515068
  0.320281  |         0.462029
  0.377216  |         0.400751
  0.376201  |         0.389130
  0.412805  |         0.346762
  0.487535  |         0.279184
  0.505457  |         0.254705
  0.579173  |         0.262551
  0.555756  |         0.228329
  0.529592  |         0.221457
  0.554055  |         0.200629
  0.589048  |         0.169643
  0.624041  |         0.146628
  0.707959  |         0.095887
  0.721972  |         0.082101
  0.735985  |         0.071269
  0.761649  |         0.061975
  0.712093  |         0.084602
  0.736428  |         0.070062
  0.760763  |         0.067614
  0.748743  |         0.066332
  0.749334  |         0.064160
  0.768545  |         0.057901
  0.779949  |         0.054782
  0.796437  |         0.046230
  0.819064  |         0.034982
  0.841690  |         0.026341
  0.876593  |         0.015431
  0.911496  |         0.008123
  0.970951  |         0.003071
  0.970290  |         0.000941
  0.999521  |         0.000063
  0.987452  |         0.000158
  0.998108  |         0.000686
  0.984081  |         0.000357
  0.989273  |         0.000186
  0.986845  |         0.000187
  0.991953  |         0.000066
  0.997145  |         0.000008
  1.002337  |         0.000005
  0.999804  |         0.000022
  0.999108  |         0.000002
  0.999240  |         0.000002
  0.999621  |         0.000000
  1.000867  |         0.000001
        xC  |            f(xC)
 20.000000  |  13838761.000000
  4.000000  |     57609.000000
-12.000000  |    846569.000000
 -4.000000  |    129625.000000
  4.000000  |    129609.000000
  0.000000  |    250001.000000
  0.000000  |    176401.000000
  0.000000  |    115601.000000
  0.000000  |     67601.000000
  0.000000  |     32401.000000
  0.000000  |     32401.000000
  1.500000  |       625.250000
 -0.500000  |       627.250000
  0.625000  |         3.094727
  0.625000  |         3.094727
  0.625000  |         3.094727
  0.625000  |         3.094727
  0.363281  |         0.407931
  0.403320  |         2.615667
  0.685791  |         0.123055
  0.201660  |         1.978943
  0.181641  |         0.762635
  0.181641  |         0.762635
  0.244751  |         0.572101
  0.244751  |         0.572101
  0.365204  |         0.450830
  0.365204  |         0.450830
  0.334370  |         0.447132
  0.340636  |         0.435387
  0.387137  |         0.381238
  0.468210  |         0.282841
  0.549284  |         0.240661
  0.526639  |         0.225242
  0.550495  |         0.202227
  0.596995  |         0.179835
  0.591637  |         0.167938
  0.615492  |         0.148169
  0.644707  |         0.139649
  0.647991  |         0.128163
  0.685417  |         0.102717
  0.722843  |         0.084099
  0.766838  |         0.057027
  0.822545  |         0.031570
  0.788047  |         0.055623
  0.786067  |         0.045776
  0.804801  |         0.038742
  0.849656  |         0.024869
  0.857177  |         0.020925
  0.920832  |         0.016873
  0.912439  |         0.011151
  0.915471  |         0.007149
  0.945959  |         0.004772
  0.933761  |         0.004594
  0.945945  |         0.002972
  0.988610  |         0.000401
  0.990128  |         0.000110
  1.020595  |         0.000486
  1.006500  |         0.000258
  1.001838  |         0.000029
  1.002244  |         0.000010
  0.994133  |         0.000041
  1.000013  |         0.000007
  0.999659  |         0.000000
  1.002333  |         0.000008
  1.000150  |         0.000002
  1.000450  |         0.000001
  0.999395  |         0.000001
        xC  |            f(xC)
 20.000000  |  13801586.000000
  3.000000  |    104010.250000
-14.000000  |   2016625.000000
 -5.500000  |     56448.500000
  3.000000  |    202504.000000
 -1.250000  |    253139.828125
 -5.500000  |     38067.250000
  0.000000  |      1807.250000
 -1.062500  |       745.539612
 -1.062500  |       237.531799
 -1.062500  |       237.531799
 -0.664062  |         5.223880
  0.332031  |        17.180244
 -0.016602  |        20.364080
 -0.178467  |        21.416174
 -0.161865  |         1.367430
 -0.161865  |         1.367430
 -0.161865  |         1.367430
 -0.161865  |         1.367430
 -0.074837  |         1.176633
 -0.099642  |         1.214886
 -0.024805  |         1.117098
  0.074837  |         0.857092
  0.143367  |         0.766281
  0.143367  |         0.766281
  0.182362  |         0.718434
  0.211319  |         0.626002
  0.240277  |         0.583639
  0.347224  |         0.437371
  0.349445  |         0.425006
  0.461944  |         0.289873
  0.461944  |         0.289873
  0.528309  |         0.238157
  0.568769  |         0.190430
  0.609230  |         0.154407
  0.622984  |         0.142928
  0.645850  |         0.152844
  0.638615  |         0.135936
  0.636158  |         0.135229
  0.653564  |         0.120030
  0.694622  |         0.095099
  0.758290  |         0.077237
  0.746537  |         0.066618
  0.773311  |         0.051776
  0.811839  |         0.046647
  0.812656  |         0.038071
  0.853227  |         0.023484
  0.893797  |         0.015702
  0.908410  |         0.008605
  0.925859  |         0.005529
  0.966429  |         0.008698
  0.941782  |         0.005165
  0.948707  |         0.003691
  0.941508  |         0.003473
  0.950301  |         0.002501
  0.965085  |         0.001221
  0.979869  |         0.000407
  0.988662  |         0.000563
  0.989459  |         0.000175
  0.990256  |         0.000118
  0.995051  |         0.000025
  1.001976  |         0.000012
  1.002110  |         0.000007
  0.998547  |         0.000003
  1.000054  |         0.000001
  1.001254  |         0.000002
  0.999601  |         0.000000
        xC  |            f(xC)
 20.000000  |  13764461.000000
  2.000000  |    148226.000000
-16.000000  |   4000289.000000
 -7.000000  |      4964.000000
  2.000000  |    270401.000000
 -2.500000  |    225637.250000
 -7.000000  |       689.000000
  0.000000  |      2026.000000
 -1.125000  |       876.610352
 -1.125000  |       243.797852
 -1.125000  |       243.797852
 -1.125000  |       243.797852
 -0.632812  |        40.992031
  0.316406  |        37.662484
 -0.043945  |        11.257603
 -0.043945  |        11.257603
  0.147217  |         4.582784
  0.014832  |         2.328009
  0.077316  |         1.262697
  0.026745  |         1.133072
  0.045344  |         0.952088
  0.024709  |         0.979321
  0.028849  |         0.946212
  0.048416  |         0.905533
  0.101473  |         0.819056
  0.154530  |         0.791661
  0.125681  |         0.786695
  0.125931  |         0.768884
  0.155406  |         0.713338
  0.209277  |         0.626137
  0.295162  |         0.497027
  0.381048  |         0.404711
  0.423221  |         0.351375
  0.379509  |         0.406040
  0.432995  |         0.321545
  0.486481  |         0.299074
  0.491368  |         0.273616
  0.557072  |         0.249055
  0.545533  |         0.224551
  0.582390  |         0.176667
  0.657652  |         0.118728
  0.768997  |         0.076484
  0.738061  |         0.073613
  0.769508  |         0.056265
  0.761902  |         0.057345
  0.794372  |         0.047970
  0.870722  |         0.017817
  0.884105  |         0.013444
  0.952849  |         0.021430
  0.928514  |         0.007252
  0.904179  |         0.010351
  0.926384  |         0.005498
  0.966382  |         0.003090
  0.969766  |         0.001366
  0.973149  |         0.000723
  0.994840  |         0.000875
  0.986366  |         0.000320
  0.995852  |         0.000090
  0.984753  |         0.000241
  0.990958  |         0.000083
  1.001579  |         0.000034
  1.001548  |         0.000004
  0.996261  |         0.000016
  1.000242  |         0.000008
  0.999900  |         0.000000
  1.001633  |         0.000003
  1.000162  |         0.000001
  1.000399  |         0.000000
        xC  |            f(xC)
 20.000000  |  13727386.000000
  1.000000  |    182756.250000
-18.000000  |   7075961.000000
 -8.500000  |     20396.500000
  1.000000  |    324900.000000
 -3.750000  |    172766.703125
 -8.500000  |     36190.250000
 -8.500000  |     36190.250000
 -7.312500  |      1616.413635
 -8.203125  |     11378.429682
 -7.832031  |       853.110954
 -7.460938  |      2359.899416
 -7.572266  |       114.730782
 -7.729980  |       517.421928
 -7.713745  |       124.679609
 -7.697510  |       125.144036
 -7.643005  |        74.754366
 -7.621262  |        98.732842
 -7.762814  |        79.076252
 -7.667521  |        77.465245
 -7.634833  |        75.231018
 -7.579708  |        73.663248
 -7.409208  |        70.721585
 -7.238707  |        68.291109
 -7.108374  |        65.835286
 -6.978040  |        63.735689
 -7.073332  |        66.185496
 -7.067030  |        65.080117
 -7.024110  |        64.405680
 -6.910510  |        63.187419
 -6.895991  |        62.654087
 -6.746092  |        61.689051
 -6.769048  |        61.132741
 -6.676538  |        59.621996
 -6.584028  |        58.430792
 -6.537429  |        56.848733
 -6.456569  |        56.142295
 -6.317689  |        55.235877
 -6.259670  |        54.269568
 -6.351950  |        54.055483
 -6.270861  |        52.900572
 -6.125927  |        51.173019
 -6.115562  |        50.642313
 -5.944714  |        48.280091
 -5.773867  |        45.885978
 -5.603019  |        44.344528
 -5.635365  |        44.059113
 -5.564596  |        43.093924
 -5.461479  |        42.252367
 -5.459960  |        41.833233
 -5.353046  |        40.437956
 -5.246131  |        39.228659
 -5.066927  |        37.868843
 -5.074065  |        37.179655
 -4.912703  |        35.135290
 -4.751342  |        33.756468
 -4.707071  |        32.688429
 -4.644596  |        31.986645
 -4.483235  |        32.703837
 -4.579534  |        31.921029
 -4.556752  |        31.568823
 -4.596097  |        31.317207
 -4.563479  |        30.980269
 -4.505921  |        30.377657
 -4.448363  |        29.843839
 -4.356283  |        28.693058
 -4.264204  |        27.725003
 -4.156767  |        26.839329
 -4.141425  |        26.482102
 -3.995635  |        25.207915
 -4.016741  |        25.190465
 -3.947689  |        24.480313
 -3.777925  |        23.351907
 -3.751314  |        22.986646
 -3.602657  |        23.375182
 -3.657027  |        22.654617
 -3.725277  |        22.428428
 -3.681603  |        22.102095
 -3.640669  |        21.545320
 -3.599734  |        21.198024
 -3.471453  |        20.001824
 -3.343171  |        19.365028
 -3.415047  |        19.538234
 -3.368876  |        19.266666
 -3.284388  |        18.578330
 -3.160275  |        17.714421
 -3.196541  |        17.661288
 -3.162153  |        17.344227
 -3.038979  |        16.317909
 -2.915806  |        15.431111
 -2.828898  |        14.760160
 -2.716668  |        13.865020
 -2.663289  |        13.420436
 -2.609910  |        13.044683
 -2.545588  |        13.245353
 -2.537715  |        12.604858
 -2.453710  |        11.931000
 -2.369706  |        11.357470
 -2.224450  |        10.447954
 -2.079194  |         9.481896
 -1.933939  |         9.084518
 -1.931754  |         8.613341
 -1.781038  |         7.753938
 -1.630321  |         6.920060
 -1.377670  |         6.637363
 -1.387682  |         5.777109
 -1.325156  |         5.925871
 -1.185702  |         4.777652
 -1.185702  |         4.777652
 -1.049849  |         4.401041
 -1.129697  |         4.536323
 -1.081732  |         4.365019
 -1.009505  |         4.041708
 -0.937278  |         3.755262
 -0.849250  |         3.726329
 -0.839094  |         3.532411
 -0.787746  |         3.261875
 -0.736399  |         3.046916
 -0.622981  |         3.165547
 -0.641180  |         2.888148
 -0.642804  |         2.700212
 -0.591051  |         2.575343
 -0.523129  |         2.382665
 -0.413163  |         2.165985
 -0.424486  |         2.067379
 -0.342828  |         1.803474
 -0.261170  |         1.599758
 -0.132623  |         1.296951
 -0.053597  |         1.115835
  0.094449  |         0.847659
  0.116448  |         0.782217
  0.244478  |         0.613972
  0.244478  |         0.613972
  0.226221  |         0.599059
  0.247285  |         0.568636
  0.318203  |         0.467527
  0.389121  |         0.435405
  0.348864  |         0.434103
  0.374258  |         0.420235
  0.395323  |         0.393985
  0.424754  |         0.350789
  0.454185  |         0.315062
  0.474955  |         0.277369
  0.499193  |         0.251113
  0.580559  |         0.183550
  0.661926  |         0.198110
  0.637687  |         0.154361
  0.612293  |         0.152875
  0.640567  |         0.129954
  0.693365  |         0.094033
  0.746162  |         0.070475
  0.791454  |         0.047192
  0.802843  |         0.066094
  0.845288  |         0.029850
  0.887733  |         0.014833
  0.914650  |         0.007810
  0.918792  |         0.006727
  0.947779  |         0.007473
  0.936391  |         0.004824
  0.925521  |         0.006316
  0.940662  |         0.003602
  0.969843  |         0.001576
  0.975489  |         0.000755
  1.002471  |         0.001116
  0.993214  |         0.000203
  0.983957  |         0.000300
  0.992820  |         0.000085
  1.001682  |         0.000014
  1.001879  |         0.000037
  1.000320  |         0.000002
  0.998761  |         0.000009
  1.001001  |         0.000002
  0.997179  |         0.000008
  0.998925  |         0.000004
  0.999527  |         0.000001
  0.999486  |         0.000000
  1.000500  |         0.000001
        xC  |            f(xC)
 20.000000  |  13690361.000000
  0.000000  |    202501.000000
-20.000000  |  11560441.000000
-10.000000  |    160121.000000
  0.000000  |    360001.000000
 -5.000000  |    105661.000000
 -8.750000  |     34089.203125
 -5.937500  |     30332.285706
 -7.734375  |      2362.557928
 -7.734375  |      2362.557928
 -7.734375  |      2362.557928
 -7.641602  |       306.178325
 -7.548828  |       369.352146
 -7.536621  |        73.045159
 -7.487183  |       224.525649
 -7.641449  |        95.606729
 -7.795715  |        90.866289
 -7.675400  |        76.745712
 -7.722454  |        78.888848
 -7.674060  |        75.239321
 -7.611557  |        74.202443
 -7.503695  |        73.488198
 -7.468158  |        72.216980
 -7.271453  |        71.262048
 -7.285092  |        69.916885
 -7.122485  |        67.692666
 -7.176776  |        67.254195
 -7.140759  |        66.274451
 -6.987290  |        63.808043
 -6.833820  |        61.464097
 -6.680350  |        60.415189
 -6.682701  |        59.361532
 -6.535108  |        56.921568
 -6.387515  |        54.950913
 -6.244623  |        52.484750
 -6.101732  |        50.466054
 -5.857311  |        51.650890
 -6.015244  |        49.790873
 -6.097971  |        50.382543
 -6.039686  |        49.677890
 -5.909016  |        47.990117
 -5.708310  |        46.393948
 -5.749086  |        45.822293
 -5.669651  |        44.598583
 -5.549439  |        44.037461
 -5.549968  |        43.370132
 -5.431079  |        41.903067
 -5.312190  |        40.997365
 -5.273266  |        39.890016
 -5.234342  |        39.043990
 -5.036546  |        39.188372
 -5.047071  |        37.797945
 -5.003943  |        36.269322
 -4.960815  |        35.548192
 -4.682025  |        33.556898
 -4.708594  |        32.668679
 -4.496227  |        30.489536
 -4.575888  |        31.371586
 -4.507302  |        30.330435
 -4.392277  |        29.112396
 -4.196522  |        27.756247
 -4.199023  |        27.179010
 -4.009521  |        25.448472
 -4.059397  |        25.597675
 -4.002053  |        25.072646
 -3.808817  |        23.233366
 -3.799783  |        23.056702
 -3.583959  |        22.200287
 -3.583959  |        22.200287
 -3.585423  |        21.842277
 -3.545625  |        21.260454
 -3.505827  |        20.757477
 -3.466029  |        20.314605
 -3.426230  |        19.919118
 -3.386432  |        19.564317
 -3.471883  |        20.020644
 -3.399309  |        19.387440
 -3.326735  |        19.108563
 -3.333174  |        18.954374
 -3.276696  |        18.479780
 -3.220218  |        18.073310
 -3.130380  |        17.459974
 -3.040542  |        17.160133
 -2.996941  |        16.565577
 -3.044495  |        16.372711
 -2.989006  |        15.913897
 -2.884629  |        15.090345
 -2.780253  |        14.358270
 -2.689083  |        13.615958
 -2.597913  |        12.949648
 -2.506743  |        12.346313
 -2.376591  |        11.556214
 -2.422336  |        11.879655
 -2.381584  |        11.435989
 -2.253928  |        10.650654
 -2.047061  |        10.622616
 -2.068010  |         9.753061
 -2.044444  |         9.320522
 -1.940356  |         8.688583
 -1.850507  |         8.225847
 -1.729973  |         7.496189
 -1.568893  |         6.668808
 -1.648605  |         7.172578
 -1.588545  |         6.711025
 -1.437290  |         5.979168
 -1.286036  |         6.135521
 -1.346096  |         5.591660
 -1.315514  |         5.419540
 -1.234698  |         5.461820
 -1.252170  |         5.261962
 -1.263086  |         5.125787
 -1.229775  |         4.995850
 -1.157414  |         4.661265
 -1.046959  |         4.194808
 -0.936504  |         3.839719
 -0.894584  |         3.619893
 -0.852664  |         3.439532
 -0.742209  |         3.589245
 -0.765997  |         3.258913
 -0.780719  |         3.199718
 -0.735118  |         3.011275
 -0.635839  |         2.680757
 -0.484228  |         2.211115
 -0.484228  |         2.211115
 -0.393993  |         2.035054
 -0.336275  |         1.820311
 -0.278557  |         1.653213
 -0.220839  |         1.513694
 -0.253356  |         1.725920
 -0.193809  |         1.431790
 -0.134262  |         1.377780
 -0.120747  |         1.298813
 -0.071616  |         1.178392
 -0.022484  |         1.080870
 -0.080202  |         1.170117
 -0.047965  |         1.099715
  0.007150  |         1.022353
  0.006886  |         0.993778
  0.061341  |         0.882478
  0.115796  |         0.784069
  0.206379  |         0.645600
  0.201534  |         0.637631
  0.255462  |         0.557742
  0.314236  |         0.479427
  0.325295  |         0.456454
  0.411717  |         0.372558
  0.401171  |         0.363916
  0.461227  |         0.295381
  0.492745  |         0.261901
  0.543000  |         0.210655
  0.593255  |         0.170027
  0.655424  |         0.122202
  0.690137  |         0.103779
  0.686035  |         0.098785
  0.763510  |         0.060291
  0.763510  |         0.060291
  0.756863  |         0.059137
  0.773792  |         0.052622
  0.822759  |         0.031745
  0.871726  |         0.018924
  0.871726  |         0.018924
  0.888655  |         0.015435
  0.882008  |         0.014959
  0.900598  |         0.009882
  0.940427  |         0.003696
  1.001052  |         0.004779
  0.987662  |         0.000161
  0.971978  |         0.001957
  0.995022  |         0.000573
  1.018066  |         0.000330
  1.001477  |         0.000179
  0.990422  |         0.000141
  0.997793  |         0.000082
  1.005168  |         0.000029
  0.999638  |         0.000025
  1.001943  |         0.000009
  1.000102  |         0.000004
  1.000446  |         0.000001
  0.999611  |         0.000001
  0.999575  |         0.000000
  1.000927  |         0.000001
