### GOLDEN RATIO ###
           a            c           d           b  |            f(a)           f(c)          f(d)           f(b)
-1048.000000  -461.300207  -98.699793  488.000000  |  1104601.000000  215574.681960  10342.847953  235225.000000
 -461.300207   -98.699793  125.399587  488.000000  |   215574.681960   10342.847953  14981.658790  235225.000000
 -461.300207  -237.200827  -98.699793  125.399587  |   215574.681960   57696.437234  10342.847953   14981.658790
 -237.200827   -98.699793  -13.101447  125.399587  |    57696.437234   10342.847953    259.256597   14981.658790
  -98.699793   -13.101447   39.801240  125.399587  |    10342.847953     259.256597   1354.331289   14981.658790
  -98.699793   -45.797106  -13.101447   39.801240  |    10342.847953    2381.157546    259.256597    1354.331289
  -45.797106   -13.101447    7.105581   39.801240  |     2381.157546     259.256597     16.855799    1354.331289
  -13.101447     7.105581   19.594212   39.801240  |      259.256597      16.855799    275.367867    1354.331289
  -13.101447    -0.612817    7.105581   19.594212  |      259.256597      13.052444     16.855799     275.367867
  -13.101447    -5.383049   -0.612817    7.105581  |      259.256597      70.275510     13.052444      16.855799
   -5.383049    -0.612817    2.335349    7.105581  |       70.275510      13.052444      0.441761      16.855799
   -0.612817     2.335349    4.157416    7.105581  |       13.052444       0.441761      1.339611      16.855799
   -0.612817     1.209250    2.335349    4.157416  |       13.052444       3.206786      0.441761       1.339611
    1.209250     2.335349    3.031317    4.157416  |        3.206786       0.441761      0.000981       1.339611
    2.335349     3.031317    3.461448    4.157416  |        0.441761       0.000981      0.212934       1.339611
    2.335349     2.765481    3.031317    3.461448  |        0.441761       0.054999      0.000981       0.212934
    2.765481     3.031317    3.195612    3.461448  |        0.054999       0.000981      0.038264       0.212934
    2.765481     2.929776    3.031317    3.195612  |        0.054999       0.004931      0.000981       0.038264
    2.929776     3.031317    3.094072    3.195612  |        0.004931       0.000981      0.008850       0.038264
    2.929776     2.992532    3.031317    3.094072  |        0.004931       0.000056      0.000981       0.008850
    2.929776     2.968561    2.992532    3.031317  |        0.004931       0.000988      0.000056       0.000981
    2.968561     2.992532    3.007346    3.031317  |        0.000988       0.000056      0.000054       0.000981
    2.992532     3.007346    3.016502    3.031317  |        0.000056       0.000054      0.000272       0.000981
    2.992532     3.001688    3.007346    3.016502  |        0.000056       0.000003      0.000054       0.000272
    2.992532     2.998190    3.001688    3.007346  |        0.000056       0.000003      0.000003       0.000054
    2.998190     3.001688    3.003849    3.007346  |        0.000003       0.000003      0.000015       0.000054
    2.998190     3.000352    3.001688    3.003849  |        0.000003       0.000000      0.000003       0.000015
    2.998190     2.999526    3.000352    3.001688  |        0.000003       0.000000      0.000000       0.000003
    2.999526     3.000352    3.000862    3.001688  |        0.000000       0.000000      0.000001       0.000003
    2.999526     3.000036    3.000352    3.000862  |        0.000000       0.000000      0.000000       0.000001
    2.999526     2.999841    3.000036    3.000352  |        0.000000       0.000000      0.000000       0.000000
    2.999841     3.000036    3.000157    3.000352  |        0.000000       0.000000      0.000000       0.000000
    2.999841     2.999962    3.000036    3.000157  |        0.000000       0.000000      0.000000       0.000000
    2.999962     3.000036    3.000082    3.000157  |        0.000000       0.000000      0.000000       0.000000
    2.999962     3.000008    3.000036    3.000082  |        0.000000       0.000000      0.000000       0.000000
    2.999962     2.999990    3.000008    3.000036  |        0.000000       0.000000      0.000000       0.000000
    2.999990     3.000008    3.000019    3.000036  |        0.000000       0.000000      0.000000       0.000000
    2.999990     3.000001    3.000008    3.000019  |        0.000000       0.000000      0.000000       0.000000
    2.999990     2.999997    3.000001    3.000008  |        0.000000       0.000000      0.000000       0.000000
    2.999997     3.000001    3.000004    3.000008  |        0.000000       0.000000      0.000000       0.000000
    2.999997     3.000000    3.000001    3.000004  |        0.000000       0.000000      0.000000       0.000000
    2.999997     2.999999    3.000000    3.000001  |        0.000000       0.000000      0.000000       0.000000
    2.999999     3.000000    3.000000    3.000001  |        0.000000       0.000000      0.000000       0.000000
    3.000000     3.000000    3.000001    3.000001  |        0.000000       0.000000      0.000000       0.000000


### NELDER-MEAD ###
         xC  |          f(xC)
1000.000000  |  994009.000000
 998.000000  |  990025.000000
 994.000000  |  982081.000000
 986.000000  |  966289.000000
 970.000000  |  935089.000000
 938.000000  |  874225.000000
 874.000000  |  758641.000000
 746.000000  |  552049.000000
 490.000000  |  237169.000000
 -22.000000  |     625.000000
 -22.000000  |     625.000000
 -22.000000  |     625.000000
 -22.000000  |     625.000000
  10.000000  |      49.000000
  10.000000  |      49.000000
   2.000000  |       1.000000
   2.000000  |       1.000000


### HOOKE-JEEVES ###
         xB           xP          xN  |          f(xB)          f(xP)          f(xN)
1000.000000  1000.000000  999.500000  |  994009.000000  994009.000000  993012.250000
 999.500000   999.000000  998.500000  |  993012.250000  992016.000000  991020.250000
 998.500000   997.500000  997.000000  |  991020.250000  989030.250000  988036.000000
 997.000000   995.500000  995.000000  |  988036.000000  985056.250000  984064.000000
 995.000000   993.000000  992.500000  |  984064.000000  980100.000000  979110.250000
 992.500000   990.000000  989.500000  |  979110.250000  974169.000000  973182.250000
 989.500000   986.500000  986.000000  |  973182.250000  967272.250000  966289.000000
 986.000000   982.500000  982.000000  |  966289.000000  959420.250000  958441.000000
 982.000000   978.000000  977.500000  |  958441.000000  950625.000000  949650.250000
 977.500000   973.000000  972.500000  |  949650.250000  940900.000000  939930.250000
 972.500000   967.500000  967.000000  |  939930.250000  930260.250000  929296.000000
 967.000000   961.500000  961.000000  |  929296.000000  918722.250000  917764.000000
 961.000000   955.000000  954.500000  |  917764.000000  906304.000000  905352.250000
 954.500000   948.000000  947.500000  |  905352.250000  893025.000000  892080.250000
 947.500000   940.500000  940.000000  |  892080.250000  878906.250000  877969.000000
 940.000000   932.500000  932.000000  |  877969.000000  863970.250000  863041.000000
 932.000000   924.000000  923.500000  |  863041.000000  848241.000000  847320.250000
 923.500000   915.000000  914.500000  |  847320.250000  831744.000000  830832.250000
 914.500000   905.500000  905.000000  |  830832.250000  814506.250000  813604.000000
 905.000000   895.500000  895.000000  |  813604.000000  796556.250000  795664.000000
 895.000000   885.000000  884.500000  |  795664.000000  777924.000000  777042.250000
 884.500000   874.000000  873.500000  |  777042.250000  758641.000000  757770.250000
 873.500000   862.500000  862.000000  |  757770.250000  738740.250000  737881.000000
 862.000000   850.500000  850.000000  |  737881.000000  718256.250000  717409.000000
 850.000000   838.000000  837.500000  |  717409.000000  697225.000000  696390.250000
 837.500000   825.000000  824.500000  |  696390.250000  675684.000000  674862.250000
 824.500000   811.500000  811.000000  |  674862.250000  653672.250000  652864.000000
 811.000000   797.500000  797.000000  |  652864.000000  631230.250000  630436.000000
 797.000000   783.000000  782.500000  |  630436.000000  608400.000000  607620.250000
 782.500000   768.000000  767.500000  |  607620.250000  585225.000000  584460.250000
 767.500000   752.500000  752.000000  |  584460.250000  561750.250000  561001.000000
 752.000000   736.500000  736.000000  |  561001.000000  538022.250000  537289.000000
 736.000000   720.000000  719.500000  |  537289.000000  514089.000000  513372.250000
 719.500000   703.000000  702.500000  |  513372.250000  490000.000000  489300.250000
 702.500000   685.500000  685.000000  |  489300.250000  465806.250000  465124.000000
 685.000000   667.500000  667.000000  |  465124.000000  441560.250000  440896.000000
 667.000000   649.000000  648.500000  |  440896.000000  417316.000000  416670.250000
 648.500000   630.000000  629.500000  |  416670.250000  393129.000000  392502.250000
 629.500000   610.500000  610.000000  |  392502.250000  369056.250000  368449.000000
 610.000000   590.500000  590.000000  |  368449.000000  345156.250000  344569.000000
 590.000000   570.000000  569.500000  |  344569.000000  321489.000000  320922.250000
 569.500000   549.000000  548.500000  |  320922.250000  298116.000000  297570.250000
 548.500000   527.500000  527.000000  |  297570.250000  275100.250000  274576.000000
 527.000000   505.500000  505.000000  |  274576.000000  252506.250000  252004.000000
 505.000000   483.000000  482.500000  |  252004.000000  230400.000000  229920.250000
 482.500000   460.000000  459.500000  |  229920.250000  208849.000000  208392.250000
 459.500000   436.500000  436.000000  |  208392.250000  187922.250000  187489.000000
 436.000000   412.500000  412.000000  |  187489.000000  167690.250000  167281.000000
 412.000000   388.000000  387.500000  |  167281.000000  148225.000000  147840.250000
 387.500000   363.000000  362.500000  |  147840.250000  129600.000000  129240.250000
 362.500000   337.500000  337.000000  |  129240.250000  111890.250000  111556.000000
 337.000000   311.500000  311.000000  |  111556.000000   95172.250000   94864.000000
 311.000000   285.000000  284.500000  |   94864.000000   79524.000000   79242.250000
 284.500000   258.000000  257.500000  |   79242.250000   65025.000000   64770.250000
 257.500000   230.500000  230.000000  |   64770.250000   51756.250000   51529.000000
 230.000000   202.500000  202.000000  |   51529.000000   39800.250000   39601.000000
 202.000000   174.000000  173.500000  |   39601.000000   29241.000000   29070.250000
 173.500000   145.000000  144.500000  |   29070.250000   20164.000000   20022.250000
 144.500000   115.500000  115.000000  |   20022.250000   12656.250000   12544.000000
 115.000000    85.500000   85.000000  |   12544.000000    6806.250000    6724.000000
  85.000000    55.000000   54.500000  |    6724.000000    2704.000000    2652.250000
  54.500000    24.000000   23.500000  |    2652.250000     441.000000     420.250000
  23.500000    -7.500000   -7.000000  |     420.250000     110.250000     100.000000
  -7.000000   -37.500000  -37.000000  |     100.000000    1640.250000    1600.000000
  -7.000000    -7.000000   -6.750000  |     100.000000     100.000000      95.062500
  -6.750000    -6.500000   -6.250000  |      95.062500      90.250000      85.562500
  -6.250000    -5.750000   -5.500000  |      85.562500      76.562500      72.250000
  -5.500000    -4.750000   -4.500000  |      72.250000      60.062500      56.250000
  -4.500000    -3.500000   -3.250000  |      56.250000      42.250000      39.062500
  -3.250000    -2.000000   -1.750000  |      39.062500      25.000000      22.562500
  -1.750000    -0.250000    0.000000  |      22.562500      10.562500       9.000000
   0.000000     1.750000    2.000000  |       9.000000       1.562500       1.000000
   2.000000     4.000000    3.750000  |       1.000000       1.000000       0.562500
   3.750000     5.500000    5.250000  |       0.562500       6.250000       5.062500
   3.750000     3.750000    3.625000  |       0.562500       0.562500       0.390625
   3.625000     3.500000    3.375000  |       0.390625       0.250000       0.140625
   3.375000     3.125000    3.000000  |       0.140625       0.015625       0.000000
   3.000000     2.625000    2.750000  |       0.000000       0.140625       0.062500
   3.000000     3.000000    3.000000  |       0.000000       0.000000       0.000000
   3.000000     3.000000    3.000000  |       0.000000       0.000000       0.000000
   3.000000     3.000000    3.000000  |       0.000000       0.000000       0.000000
   3.000000     3.000000    3.000000  |       0.000000       0.000000       0.000000
   3.000000     3.000000    3.000000  |       0.000000       0.000000       0.000000
   3.000000     3.000000    3.000000  |       0.000000       0.000000       0.000000
   3.000000     3.000000    3.000000  |       0.000000       0.000000       0.000000
   3.000000     3.000000    3.000000  |       0.000000       0.000000       0.000000
   3.000000     3.000000    3.000000  |       0.000000       0.000000       0.000000
   3.000000     3.000000    3.000000  |       0.000000       0.000000       0.000000
   3.000000     3.000000    3.000000  |       0.000000       0.000000       0.000000
   3.000000     3.000000    3.000000  |       0.000000       0.000000       0.000000
   3.000000     3.000000    3.000000  |       0.000000       0.000000       0.000000
   3.000000     3.000000    3.000000  |       0.000000       0.000000       0.000000
   3.000000     3.000000    3.000000  |       0.000000       0.000000       0.000000
   3.000000     3.000000    3.000000  |       0.000000       0.000000       0.000000
